Evaluations;Max fitness;Diversity;Mutation rate
200;6.575530941482479E-10;8.959965179450975;1.0
1016;4.0562499776478023E-10;7.9623996981414145;0.5827489798475701
2000;7.427938760008747E-7;7.026974985223318;1.8388286352291376
3008;2.527390969540957E-6;6.977500623895446;1.4802972700733454
4016;1.0026005003044999E-8;7.190304389498315;0.5980784997331581
5000;1.0672640738220888E-6;7.089825219012093;0.8079171987330742
6008;5.376593881951528E-4;6.137806542514849;0.3645991459757616
7016;7.276341756868677E-7;6.208293591075194;0.631383557438112
8000;1.1061939309333651E-7;5.13654643542557;0.4137382529485891
9008;1.0488218217637947E-7;4.7060707871929734;0.3448726792247118
10016;4.067165698358477E-8;5.325807951397579;0.27948941268250566
11000;5.0940867773331234E-8;4.8369551048250905;0.31420729807220005
12008;1.2806453632785472E-6;5.497584694746611;0.7500742995460213
13016;5.761381661715623E-7;5.126076464604465;0.20702698304604622
14000;5.115760652703156E-8;5.062735479529267;1.4882561156234626
15008;4.2414863900714035E-10;5.820303390358591;0.8269608659425325
16016;6.586499263333471E-6;6.123546688977383;1.2192329386145289
17000;1.3172998526666943E-6;3.5848827516779735;1.2192329386145289
18008;1.7548420579504878E-6;5.937324352319865;0.7899208339153332
19016;3.989207321581174E-6;6.773313958715268;1.6204365125623632
20000;5.954045341784022E-6;7.25875810790088;2.4179478809367705
21008;0.010419772720283618;7.664122830068553;3.0
22016;0.0013024715900354523;6.873103113668753;3.0
23000;1.1521136278426102E-5;7.008595375990763;1.9230847466498835
24008;5.707046265928286E-4;7.056126546820779;2.542114731777184
25016;2.6481527698418275E-7;6.459104093560604;1.22430648840772
26000;8.827175899472757E-8;6.938751363284811;1.22430648840772
27008;3.044680462575443E-8;6.879602242128534;1.638596823551628
28016;1.2024683238379481E-8;6.5648023360240675;3.0
29000;4.5520654913548404E-4;6.439829425323347;2.1588872268063426
30008;3.3534640250980733E-6;7.093183804456404;0.611058091730193
31016;1.1561199762947886E-5;6.210314047703644;0.3878971891927474
32000;1.7460242322690998E-7;6.130455744858985;0.34017025665171213
33008;2.922282088436392E-7;6.126506235075803;0.6741308649631419
34016;1.5071594614180268E-6;6.493170954287752;0.5623041653458629
35000;1.5071594614180268E-6;6.0724822260768665;0.5623041653458629
36008;0.0014767677641523724;6.999701851683253;0.35744087195452745
37016;8.084478136891793E-5;6.489780307873846;1.7799322562407585
38000;1.462757201635455E-7;6.650810914645343;1.167808232165659
39008;2.9096450828943198E-8;5.659277464412405;1.329359319419122
40016;1.7479855112489068E-10;6.9120278223395335;0.19494292253953216
41000;1.1486910802752313E-7;6.485551060276742;0.5308067912561875
42008;1.1630540254348545E-9;7.120828379234589;0.03259152763353778
43016;6.734886320898042E-9;6.852063866640447;0.06925167661788383
44000;1.1649791663947795E-6;5.694639501297977;0.33723103505502927
45008;2.1087841507175533E-5;4.342991914300246;0.21954615663655191
46016;1.300732187057199E-5;4.638650772594484;0.30258984328528926
47000;8.196160813942967E-7;4.045347543669217;0.5606239286005317
48008;1.4908096393305685E-8;3.593561477825929;0.6128989091792202
49016;7.625351419894724E-7;3.2063995892375066;0.4601989980439322
50000;9.262523839896533E-9;3.7001582517817124;1.165266408880281
51008;1.705221689026376E-5;3.4285202164908974;0.5879448905114731
52016;0.002735605889448046;3.803313619894808;0.12072424259399339
53000;4.559343149080076E-4;2.540859741805033;0.12072424259399339
54008;6.715117874071412E-7;3.4045768309311373;1.569958705612049
55016;1.7653399697247508E-7;3.0401747986194083;2.6166614122572143
56000;2.001776027767055E-7;4.2201899364864515;0.9202710626465419
57008;3.609186047420806E-11;4.855185001395755;1.390880930959543
58016;1.661252966193624E-7;4.449366520168171;0.5403639108867571
59000;7.675794857157915E-9;4.05798069636535;0.5611809683543529
60008;6.830808678297902E-6;3.9670600895889145;0.3907312269705874
61016;1.3550792315278255E-6;5.043136995207972;0.396456164114291
62000;1.5145468328314134E-8;4.5311733523159585;0.40933860611114553
63008;6.363883463245144E-10;4.651433281999397;0.08564887891500798
64016;3.151425804946087E-8;4.710470346137582;0.10633269398869903
65000;2.556878485657832E-6;4.343439924532753;0.27560638104536916
66008;3.97347130510959E-6;5.10937089569845;0.604038208573883
67016;2.9820244796626675E-8;5.758992133594057;0.17507687195903943
68000;3.654520671279607E-6;4.4294050417386845;2.1129623836974165
69008;7.188911384963689E-8;4.310072878947458;0.1269849043262576
70016;1.081508724762467E-10;5.219108836907961;1.2237449789663497
71000;5.5394478741568966E-11;5.05688825140873;0.5811649691116416
72008;3.8128701501037614E-6;4.417711014474839;0.9438593067162108
73016;1.431404388503103E-6;3.494759185552668;0.17916123066902753
74000;6.1020455874399104E-6;3.961361121338718;0.6095718896759464
75008;1.285401250914874E-8;3.8775462388785984;0.32487233856796816
76016;3.2119071819335404E-8;4.976012240727954;0.4540680971133079
77000;4.1841144595527163E-8;5.305268589057554;0.21897737061762382
78008;1.2112096763098404E-7;4.075685885288529;0.1336472581365116
79016;6.119700165894315E-6;4.718125206917711;0.13378340530450292
80000;7.160426251562764E-7;4.8879494095183915;0.35591705808280993
81008;4.202240554490599E-6;4.728281399914752;0.20517017124097794
82016;2.791776642663006E-7;4.483228152158666;0.23056717884733324
83000;4.6529610711050094E-8;4.2723853828201355;0.23056717884733324
84008;2.5113562252016616E-8;4.413491652457095;0.5491599394331443
85016;2.2611004156649126E-8;5.673314374437904;0.36264493321876623
86000;1.3156603337138452E-6;5.105925604920428;0.6335233912911319
87008;5.672690663049115E-8;4.233389770973088;0.3096188956242782
88016;3.3671559633058595E-8;4.958120959786678;0.2644602608790852
89000;1.5730330330341755E-6;5.7038821178343255;0.13505449724858776
90008;2.2960753406929876E-6;5.370387621735599;0.5446971606515202
91016;3.85744452639124E-7;4.686676949756193;0.29998443240538003
92000;4.505001425938124E-8;5.55553618274539;1.5647170443429195
93008;1.112026738772333E-7;4.699334917228515;1.0136575069515645
94016;1.1418625496903715E-7;5.004504285707959;0.988297402920339
95000;1.5045619905317664E-8;5.147293510080458;0.5967716216767098
96008;9.103146551874161E-7;4.5459599021083115;0.3418107055762485
97016;5.720647199503997E-7;3.7684863377514626;2.522227999736092
98000;1.1933026833368372E-6;4.588280301886171;0.9050041693379259
99008;1.3578451803594612E-6;4.081949440374309;2.1345560087970386
100016;7.550417577464655E-7;4.329199027902533;0.6658992112159443
101000;3.620889333381856E-7;4.168031121665996;3.0
102008;6.856184708369682E-7;4.917394336919683;1.3459374258174117
103016;4.590125813687141E-5;6.251103622103764;1.0945715255795305
104000;6.638009437369401E-8;5.176935640487829;1.098128162109436
105008;1.3980065049713258E-6;4.687087306638838;0.35433576151609336
106016;1.4142892952249987E-8;4.985919146476917;2.7403347929586634
107000;1.006106311720498E-7;5.396944499287558;0.23364443252719735
108008;1.4953273148241475E-7;4.861963472341249;1.490553991392773
109016;4.94483276067963E-5;3.307136654626351;3.0
110000;5.196114083886252E-7;4.445993393233615;0.3972954319068596
111008;3.167485997248738E-7;5.018538037696262;2.2070791792723967
112016;2.717523205762834E-5;4.634584113408357;1.983175052990595
113000;1.7170384480026863E-8;5.278004833042519;2.457038816185273
114008;3.212665105580106E-7;5.657131624560617;2.9215372408861517
115016;5.070388297832781E-9;5.370996374134966;3.0
116000;4.507011820295805E-9;2.5716913429848747;3.0
117008;1.548487936536579E-4;5.440264571753379;1.0794429730589752
118016;1.7129522264107414E-6;5.490690393355407;0.4481436951513521
119000;1.5556726885987497E-7;5.232576813750677;0.5140675235123455
120008;1.1306771584031733E-6;5.538393794900947;0.8846474261690965
121016;1.2456651231228232E-8;5.126531616985376;1.5162546593891693
122000;7.212697552364462E-5;5.226747660192385;1.9910496318046962
123008;3.5269724337875966E-8;4.612479976503065;1.2687403362486895
124016;7.443091264467699E-9;4.8242546701221;0.4696343025469024
125000;5.990770954686604E-6;4.324388690677959;1.3680085138139324
126008;1.8397012896996433E-8;5.841315044423381;0.3914542290789859
127016;7.884434098712757E-9;4.755067476537474;0.3914542290789859
128000;2.473379533803172E-7;5.328141458030505;1.7126198689419017
129008;9.35609325876687E-4;6.302812024873752;3.0
130016;3.142347252565859E-6;5.971480920300148;3.0
131000;4.287396667645315E-8;5.910285823912485;1.1392587803188516
132008;1.5354118131205117E-6;6.008061378977039;0.6706280265614825
133016;3.7057318923448094E-7;6.132723056813536;0.05624605475548742
134000;1.208327389824667E-5;6.587078783461463;3.0
135008;4.290923205081197E-7;6.798400281840859;2.8768910273613972
136016;1.9600898229969418E-4;5.740840218780931;0.601711393486457
137000;3.575769337567664E-8;5.670973298733847;2.8768910273613972
138008;3.156494003200582E-9;6.666810297883877;0.03827556941402555
139016;2.4703080251132967E-6;6.304576949545976;3.0
140000;4.1579700429662256E-8;6.507314211931531;0.8034043521416707
141008;4.150638464124427E-6;6.246514437526317;0.6771016890688448
142016;1.0376596160311067E-6;3.361381031526256;0.6771016890688448
143000;1.408289224328423E-8;5.06180846526466;0.3779664676466564
144008;6.886637107378485E-8;5.681774755741438;0.6411821680243507
145016;1.2287218983875317E-5;5.31220168185613;0.9602253251056834
146000;4.239194839140645E-7;5.321563148740134;0.11760907288801337
147008;4.6465546715505726E-8;5.071419718049288;0.4806693087929116
148016;6.986485414340162E-8;4.534517193101419;0.10386175808997512
149000;1.7824440231878326E-5;5.596601818284089;0.5557981830333996
150008;6.966027297287175E-6;5.51102692948763;0.3038359678200518
151016;2.702820845896004E-6;5.210185145815594;0.8888768839249165
152000;5.637445157698608E-6;5.257686597300099;1.404128206385477
153008;4.619722725210691E-6;5.126485224744718;0.9643715022523448
154016;3.4609938844244216E-9;4.834992216485048;0.5863472214556643
155000;4.528939378376383E-9;3.707654742268924;0.05596839535368283
156008;9.490021592609373E-8;3.556040877479217;0.01772851046473387
157016;4.360990845662223E-6;4.086193330910424;0.05068365342497043
158000;8.105651377302009E-6;3.8233684457250696;0.46028322507922786
159008;2.136725158510121E-5;2.191454215436324;0.02871301118566476
160016;1.475567471384252E-8;2.034833828689284;0.02783384802069144
161000;7.499693545271348E-8;1.6341437556101832;0.024152148877278234
162008;5.6105792989581334E-5;2.348817388464309;0.007409860048644728
163016;5.354554028270026E-8;2.176660163078406;0.04048495919248848
164000;5.900333581117746E-7;2.1460856433265105;0.042487097939409635
165008;8.313065096060818E-11;2.0328273103533205;0.005027561594378412
166016;1.3523640423487941E-8;2.1437204021275993;0.011563454348483536
167000;1.2669558547601226E-7;2.383404554254402;0.011137096569713671
168008;5.479718161084169E-9;2.391199380663581;0.00814065166433429
169016;2.5795089434352155E-8;2.3584531518615997;0.007029741905287774
170000;3.59280201213093E-5;2.1217398411312933;0.01646622888949743
171008;3.2761470650070704E-8;2.31185801274913;0.006057083158904053
172016;8.798417298886467E-6;2.607621977009627;0.00757432600451746
173000;2.731556012146499E-4;1.8403818421971194;0.006874261284730731
174008;5.068190780455658E-7;1.9073886463465486;0.005809114431191347
175016;1.4614738366094144E-8;2.2796346495445503;0.003991554933959049
176000;2.3204126524081083E-9;2.5961477061747043;0.2132653126794798
177008;7.261780420703955E-7;3.2930071346619774;0.03674699398283003
178016;1.3590387610228865E-7;3.793025721567105;0.10137713996555527
179000;5.040520400237066E-9;3.600183366821052;0.10490300076364768
180008;5.749069845140031E-9;2.9345231795317184;0.006020917118653828
181016;4.844341811284701E-9;3.3455663348921534;0.004047522727426329
182000;3.5765541001649566E-7;3.3137864647126705;0.002579732389517756
183008;8.941385250412392E-8;3.156143973802727;0.002579732389517756
184016;1.2054972749504064E-8;3.3015435476168147;7.493472833873625E-4
185000;4.018324249834688E-9;3.3995527006047657;7.493472833873625E-4
186008;4.488754002890855E-6;2.814436236840922;5.126989479101005E-4
187016;1.5278191825245224E-5;3.0630468621849936;9.212423553900686E-4
188000;7.639095912622612E-6;2.8188145939843245;9.212423553900686E-4
189008;2.5560127147306434E-7;3.145928619348742;0.001156457333273965
190016;1.7531535095323108E-7;2.650965299414696;9.98011642957386E-4
191000;1.9470359229172285E-6;2.833684720697819;2.309939201480499E-4
192008;3.8513007467592364E-8;3.8366881598716382;2.408405517095789E-4
193016;3.2694252133964526E-7;2.026492451979278;0.0016922145905305364
194000;1.3663524165619578E-8;1.531372691253432;3.099020374134317E-4
195008;0.0045190928681472405;1.89361026415743;4.219880822865119E-4
196016;0.0022595464340736202;1.238281094856381;4.219880822865119E-4
197000;3.09597319969244E-5;1.3558504528954338;9.60792931971789E-6
198008;1.5479843125563674E-5;0.19880511721048408;6.501022231758757E-5
199016;0.018128853679512464;0.08672320869351145;1.5812777880086927E-4
200000;0.003745804468687832;0.05352651980294006;1.0246339636257243E-4
201008;0.0025065436619942033;0.04139874727420092;8.735808634561916E-5
202016;0.041618742426222176;0.0291091115245043;3.331094548665082E-4
203000;0.046799582862112256;0.015367759306640662;1.4068817344437737E-5
204008;0.051890458214849326;0.011047246787001842;1.2398052974960011E-5
205016;0.09098385802736286;0.00934617950506292;2.2664357990521676E-4
206000;0.08996326923667555;0.00810446401054808;8.277139019427806E-5
207008;0.1510150280911062;0.006710976538023618;5.426023298993864E-4
208016;0.16923727291755022;0.005119387605598572;5.270002672727863E-5
209000;0.168066441157349;0.0024049821805405603;4.235524010108982E-5
210008;0.16287906310484476;0.001995574878938057;7.950090149176674E-5
211016;0.19993852160919398;0.0018655007926543746;1.1243772902680475E-4
212000;0.18579696476309104;0.0017360762289293653;3.206459147064407E-4
213008;0.24002985575212005;0.0018093243924953099;3.5587655942389705E-4
214016;0.24397155348503163;0.0016256918430577593;4.009975339490652E-4
215000;0.30314125550503884;0.001734215311649905;4.009975339490652E-4
216008;0.2512945553123072;0.0016634243950787513;6.89216555206947E-4
217016;0.28195852636514707;0.0021536151714817843;0.0019301019861675283
218000;0.27354336142279445;0.0020298508282659443;3.8407539243202296E-5
219008;0.30114327252480855;0.0019668675689533434;0.0038824646998019342
220016;0.31336310704190296;0.0019109055662717908;4.014383180444935E-4
221000;0.3332276565650073;0.0018337843375166728;4.790304544702506E-5
222008;0.38358356897764406;0.001690201484302344;7.820524801168804E-5
223016;0.39532220870257545;0.0018305178911614231;2.777397658765406E-5
224000;0.3604239335982403;0.001807771467872975;5.495023616988781E-5
225008;0.4677595911192988;0.0017608112051998369;5.676650387702523E-4
226016;0.43177757881956425;0.0016838865867781112;5.676650387702523E-4
227000;0.4393267329691919;0.0017577537938884395;6.502497800231572E-5
228008;0.39226584284129695;0.0017295505546738332;7.68771756502464E-5
229016;0.4449725445833317;0.0018974361110388961;4.6793301819798054E-5
230000;0.5263948750044048;0.001729115912760408;5.435978111724805E-4
231008;0.433297703040624;0.0017445504490853306;3.055948530686015E-5
232016;0.44045343413296406;0.0016570480670851917;3.8551932894196077E-4
233000;0.4057630119637363;0.0016413045682228842;3.906421748267909E-5
234008;0.5018023769946671;0.0017061416914437922;9.068432430146925E-4
235016;0.5118887420377742;0.0016048685367749038;7.252130290470728E-4
236000;0.44134479559655926;0.001646696018155282;3.29962947924355E-4
237008;0.514292998318915;0.001752073140444028;1.7392153477397839E-4
238016;0.43500545872352325;0.001804753477797607;1.8969628438782055E-4
239000;0.4960278189702121;0.0016755688144362887;6.064253491565031E-4
240008;0.43540194291120726;0.0017720824067522564;1.812005280267599E-4
241016;0.4731153530902284;0.0016925149595706558;4.268918757439393E-4
242000;0.5763065656589165;0.0016709943973587363;4.268918757439393E-4
243008;0.44495670084515276;0.0017146888674631046;0.0012414294064060343
244016;0.4628107795826781;0.0016950255758463608;4.591159998361838E-5
245000;0.45389710827186835;0.001641801497456125;7.875071528711009E-5
246008;0.39758851567482323;0.0017482411474719814;0.0010919293920146332
247016;0.49601829431972133;0.0017256226244571056;0.0018478282121500338
248000;0.42543682597969534;0.0016710379530434992;4.513022347195311E-5
249008;0.4797376416515463;0.0017568967452698233;7.791704735724052E-4
250016;0.4953908556569763;0.0016912661440023652;3.6744928504041694E-4
251000;0.49754454719701247;0.0017131394289977059;9.639613183032222E-4
252008;0.4571115184233552;0.001864206197498458;2.2609293404046067E-4
253016;0.5290124419047691;0.0018146580669678879;9.781766126325344E-4
254000;0.4865479695786701;0.001699316134416829;2.4805682985114106E-4
255008;0.47847528676207035;0.0017695016925454586;0.0013111564587836983
256016;0.4472223505311075;0.0016866514142813347;3.183169285095942E-4
257000;0.42219142669189197;0.0016049208352814498;0.0012925348732655232
258008;0.5130672847263832;0.001568125220889011;6.44090429893514E-4
259016;0.44985908285600706;0.001651414434993563;7.363421074670559E-5
260000;0.4689166212742245;0.0016313018753456904;2.614481478136196E-4
261008;0.4944068099253055;0.0017387173064733132;1.1281786092298108E-5
262016;0.42827359411360366;0.0017019922017564915;5.483315453988045E-4
263000;0.49218304843216093;0.0017937345515861244;9.173670349003904E-5
264008;0.43556622314010424;0.0016234881209797702;1.1193508737450785E-4
265016;0.4688350540870191;0.0018208310811343171;0.0013756474224737995
266000;0.40464749186840576;0.0016878775021662493;2.1806403162656431E-4
267008;0.4452260326023049;0.0017327353869477213;1.7111130019470644E-4
268016;0.4754791256709004;0.0018585394384978166;0.0013756474224737995
269000;0.5115755144347042;0.0016853308870102377;1.4230058184735726E-4
270008;0.46271484259275314;0.0016796945235265672;3.425627534480337E-4
271016;0.4574672797353132;0.0016740105330911824;0.0011382836432016897
272000;0.49866503961858044;0.0017298568044304913;6.395823050455884E-5
273008;0.4030187219114939;0.0018173250465352113;2.416297736420169E-4
274016;0.45066343944995435;0.0018072330189878533;6.728624119336487E-4
275000;0.44412896396241397;0.0017338078218970968;1.7661952946206258E-5
276008;0.5469157559089137;0.001685512042260698;1.1427797317475769E-4
277016;0.4424840578154175;0.0015811507217486636;1.533534564436422E-5
278000;0.4802102763188138;0.0018393007344081574;1.2759340897929615E-5
279008;0.4799264109104948;0.0017865147904633472;6.509920817759275E-4
280016;0.4659617820966385;0.0018493944995199379;6.509920817759275E-4
281000;0.47416018681740396;0.0017899467561071096;3.620420621192491E-5
282008;0.49518423208876844;0.0017388628866884983;3.1239417896185894E-5
283016;0.46037212271483774;0.0015961992176914055;2.536658002444072E-4
284000;0.5219141761014354;0.001652626102734185;3.727230172524753E-4
285008;0.5143108031486512;0.0017017433274188114;3.727230172524753E-4
286016;0.48927937393378096;0.0018464460907639238;1.2930653193140107E-4
287000;0.46725837656097907;0.0015971222760413617;2.366841582694556E-4
288008;0.5102151351776709;0.0016607148200809977;3.0242592047704945E-5
289016;0.4830306690063105;0.001664583190431826;1.8420634175282587E-4
290000;0.5055248535510035;0.0017995160682908655;4.0987529089154195E-5
291008;0.4763159172292724;0.0017129845225551032;2.7419055711923986E-5
292016;0.4568908118333562;0.0017726129743911247;4.441393451558113E-5
293000;0.44400627082819;0.0017100121456684644;1.558806863315675E-5
294008;0.49756419119194767;0.001841415731502124;1.5359137792099396E-5
295016;0.46553654740810724;0.001726539416156834;9.555941642731485E-6
296000;0.5121853951149747;0.0016741131129002242;5.7624203925430994E-5
297008;0.5185369433694619;0.0017780787620684708;4.315550671158468E-4
298016;0.5185369433694619;0.001767485327768821;4.315550671158468E-4
299000;0.47039130261053524;0.001726801413609897;4.539404530986139E-5
300008;0.5042185472722122;0.0017107269447766231;2.392568882233369E-4
301016;0.45239556765719;0.001553790898741139;7.636636638511475E-7
302000;0.5254792813515471;0.0016518543193209505;3.549150242150894E-4
303008;0.46245218437769625;0.0015690174863315517;9.986730996126573E-5
304016;0.48414742769291796;0.0017553376762086315;1.8990157132193077E-6
305000;0.494804417360973;0.0017273933837109244;4.7586268532210014E-4
306008;0.47607310500263933;0.001644590461815632;9.54837446615261E-5
307016;0.4354587997387394;0.0016695882729088932;2.192271400974191E-5
308000;0.43288682731862627;0.0017113421694920205;4.0435227251317643E-4
309008;0.424272943185981;0.0017025995754681054;3.498639891711235E-4
310016;0.5034272042442359;0.001678417476098719;3.1580713029654547E-6
311000;0.4843691773966697;0.001640007120575607;3.88481163770626E-4
312008;0.5542385195274209;0.0015939545545823263;1.4533800414703532E-4
313016;0.580343701279618;0.0017931520290773322;1.076860669019228E-5
314000;0.5344725106116601;0.001800544745016643;4.308237874976955E-6
315008;0.4699007626093899;0.0017114559855138031;7.519910227579971E-6
316016;0.5076662707713732;0.0017511555965705413;3.80882814648448E-4
317000;0.4906114306705036;0.001780745219943669;1.0803107050475245E-5
318008;0.4698844715569881;0.0016871546212667188;2.079624155889648E-4
319016;0.510525185254633;0.0017005766089938832;1.5964772662867222E-5
320000;0.5460703580904706;0.0016152263410462112;0.0013968379830237927
321008;0.48574999440636357;0.0018023248316079393;3.9558959944386614E-4
322016;0.5454597248277354;0.0017227912892275503;1.5213726103243796E-4
323000;0.5601956026135972;0.0016652459342419792;2.726157028056908E-4
324008;0.5871077896280676;0.001669492178323767;1.5469269210181027E-4
325016;0.4342089653186316;0.0017643014605966114;2.3325741691698205E-7
326000;0.5275837840260406;0.0017473751446056363;1.9134126942768463E-4
327008;0.5002799936308965;0.0018994013799542501;2.3905510433234395E-5
328016;0.5539604837883988;0.0017108649425649522;6.416984545542351E-5
329000;0.467636796078493;0.001670751864709618;6.654662659302E-7
330008;0.48144016333209816;0.001629503641788389;1.3186687213645964E-7
331016;0.5274116633966864;0.001603248180706392;2.0241627808414974E-5
332000;0.49243403246963446;0.001515542774256845;6.994163307449558E-6
333008;0.4585855354190546;0.0016812277820081331;4.2659072682274295E-5
334016;0.5161677310960497;0.001752324904995467;2.5819464209542195E-6
335000;0.5271805708674558;0.0016783411798180034;1.8245845020168925E-4
336008;0.44699682967765964;0.0015911987050447616;1.0723684168544922E-4
337016;0.4959543514449461;0.0016707979769296176;6.618315959716177E-4
338000;0.5585843690091297;0.0017180880610368566;1.128236377157479E-5
339008;0.4947392727912704;0.0017339643103029085;1.35324812231617E-7
340016;0.4917980602497399;0.0016681888092122015;7.573556833419133E-7
341000;0.5060477719462606;0.0016882122250013766;9.855817389443463E-6
342008;0.5332081721848072;0.0017359139039316118;7.622224587877385E-6
343016;0.4680752153080012;0.001722983915818949;4.8959127388661526E-5
344000;0.4724971533478127;0.0016604628819618975;9.698933090813488E-7
345008;0.5179979223303306;0.0016341922847039184;2.0636313652536984E-6
346016;0.49466388320578314;0.0016186944397751561;7.242124977274903E-6
347000;0.5515279389028833;0.0016943834940603892;5.833526131051762E-6
348008;0.46343288703853325;0.0016501791902933563;4.8767584343868414E-5
349016;0.471350655548731;0.0016401169621022306;7.3734941609848314E-6
350000;0.5060657639384704;0.0017738651049728743;1.364904040409718E-6
351008;0.44329914091961564;0.001685902994570482;2.9799743080583367E-6
352016;0.5315207219483815;0.0017426136634811464;6.768926805714408E-5
353000;0.5904183910814865;0.0017808914515734832;1.5679958630612138E-6
354008;0.5117425301323743;0.0016452303848233844;1.0290451499659009E-6
355016;0.49292286036203625;0.0016749188611253;1.9096331327411574E-4
356000;0.4888547586753447;0.001729979065759322;4.1229040090205545E-6
357008;0.5124060290017745;0.0017907898330166597;1.0266126098337128E-7
358016;0.5132746664332571;0.0017261665677759982;2.454900556092921E-4
359000;0.48089287720945084;0.001757127550308377;2.631838953961494E-7
360008;0.4862738590489898;0.0016472212675665652;3.409817781025745E-5
361016;0.4688145154171661;0.0017978638282660953;1.3758850128146073E-6
362000;0.5027215023183431;0.001582624267101044;1.2872743332260573E-5
363008;0.4880961727270913;0.0016570530998162023;3.3163356953829336E-5
364016;0.5159356898423902;0.00166759213821518;1.3044174649880823E-5
365000;0.46581381459140025;0.0015955780645783284;1.723665563559978E-5
366008;0.5313824543731318;0.0016688488841407726;4.2230462505058715E-7
367016;0.5434326561590457;0.001519607746998466;8.544861431387292E-5
368000;0.5024337378421081;0.001611555130724834;8.45744480405072E-5
369008;0.48536937218473736;0.0017049004703152697;1.6417388678970726E-6
370016;0.4896075220596188;0.001691851050139166;2.2495602431200954E-5
371000;0.4950769500515352;0.0017063408115092812;1.1434769050631259E-6
372008;0.5496547565092496;0.0017855165255313825;6.40944856078522E-5
373016;0.5109269743611891;0.0017338977109442912;6.56474412836085E-6
374000;0.5345822649241339;0.0016952613231057574;6.698856891906253E-4
375008;0.5486568246185726;0.0016743500862953207;1.1728780263841717E-4
376016;0.5169586446245452;0.001669445168264299;2.2620800073316972E-4
377000;0.5150675287124163;0.0016708143091742557;2.261789253491727E-4
378008;0.5966372125919739;0.001613892360973636;2.518298331034432E-5
379016;0.5401192094151466;0.001582112131555892;7.439427308067976E-7
380000;0.5396853389992592;0.0016840492628477411;1.1389052987380223E-4
381008;0.4672883972270899;0.0016846721492048584;9.881294706548302E-7
382016;0.4780991044304962;0.0017289671810689308;4.6885802041442344E-5
383000;0.5155590293694918;0.001726768083428786;5.529530486903565E-4
384008;0.5028515274695917;0.001544740558704744;3.697205111706972E-6
385016;0.4639773722791266;0.0016883526645221705;1.0408203324566827E-7
386000;0.4655654433343053;0.0016463046760348318;8.597420780400799E-4
387008;0.4929043932291478;0.0015849304801764089;1.5133279020930036E-6
388016;0.5374902862883049;0.001733701304170145;2.9319016564502534E-7
389000;0.4951862371887425;0.001888442457166702;8.497101458103271E-6
390008;0.5180210322341448;0.0015484640206522007;9.28290659303629E-8
391016;0.4924485866322328;0.0016837093615677625;1.1346048566921967E-6
392000;0.4680339220325127;0.0016007771579740185;1.027639760492305E-7
393008;0.5167372483774272;0.0015898775172599143;2.23840450089752E-6
394016;0.5123340011058214;0.0015633682581880006;6.862161275642565E-7
395000;0.4680380804304959;0.00156607352385583;5.815926688553985E-5
396008;0.5086283089698922;0.0016102770118182192;1.7571344443902729E-6
397016;0.5189504982165781;0.0016465132683481834;6.593380266398438E-7
398000;0.5740487708623201;0.0015959532152791081;2.419120856439111E-7
399008;0.5026461452573421;0.0017529082913348198;4.3824245424017793E-7
400016;0.5155922916799185;0.001583657719741392;7.076915542867351E-7
401000;0.5247682928705308;0.001581011750631126;3.0489344689644696E-8
402008;0.5311087180709173;0.001587107866941878;1.805153639174825E-7
403016;0.45133736829317395;0.0016260492643023826;2.7404716236440985E-7
404000;0.5124346958126073;0.0015620336965180438;8.943450823559856E-8
405008;0.5422158002235429;0.0016310886297366907;7.5837220280447206E-6
406016;0.4911934873036339;0.0015683292880181359;2.2999985836447932E-7
407000;0.4920888966636719;0.001481984308175174;2.0619452400891234E-7
408008;0.5521092846402555;0.0015371294016864826;8.057230093486893E-5
409016;0.4911678858937011;0.0015173154713307875;1.3123370331581656E-7
410000;0.5357038241558354;0.001520441164609469;6.246506941314613E-9
411008;0.4933774603539468;0.0015083263121910687;2.230005650046599E-8
412016;0.45011071663427105;0.0015513067125460173;2.025281837280989E-5
413000;0.5144628831898158;0.0016297425037601664;3.3048287809233357E-7
414008;0.46825318212899414;0.0017079140020836816;9.278617211734427E-7
415016;0.48954169268923764;0.0016364088142170575;1.8394417698134927E-6
416000;0.5070592277324711;0.0014853250593687096;4.255792700383052E-7
417008;0.5008949992792988;0.0015142227089843838;1.413116982342815E-8
418016;0.4763733419329146;0.0014948558351776317;5.700685866588043E-7
419000;0.5172336272962577;0.0013924258254459142;4.145892089177917E-8
420008;0.5515689902844905;0.0013845532976346129;4.302242765808502E-8
421016;0.5300111706146173;0.0015216327049843682;3.060479990768681E-8
422000;0.4841171058584225;0.0015575083566817325;9.661568814568717E-8
423008;0.4568365242177622;0.0015487306954647686;6.798020473360637E-9
424016;0.5083296413522989;0.0015168158596071575;7.154871152044322E-9
425000;0.5010745231713345;0.0014226026058929491;4.209101061622201E-7
426008;0.515184070336057;0.001488444600484786;1.171734610889298E-6
427016;0.5378411137394581;0.0014219534308077075;6.009267767318592E-8
428000;0.5394648029484721;0.00161662579764922;1.0710278645368743E-6
429008;0.5637403379419581;0.0014582789347095402;1.5080547327764356E-7
430016;0.49914632892875904;0.0015951044306979508;3.186686920075687E-7
431000;0.4689224049278705;0.0015719408520739181;2.1632683297388193E-8
432008;0.4553749529357123;0.0015357193227499913;2.1265498348173756E-4
433016;0.4688396184517329;0.001656142755501132;4.42360466946835E-6
434000;0.5427112433696325;0.0014622583250039083;1.2600863239495666E-6
435008;0.559084566203548;0.001628717742389223;2.1137537599447196E-7
436016;0.5218410746252612;0.0015234288119190934;3.342904943639892E-7
437000;0.4825038360958124;0.0013714757866231493;1.0679860822148852E-7
438008;0.49654157806512567;0.00134909517917797;5.999972577067345E-8
439016;0.47361509951537545;0.0013818150061164934;7.441528344024986E-8
440000;0.48723056460214714;0.0014016267782597806;4.3701203235806034E-7
441008;0.5363150226537009;0.0014796049093952783;5.09444832540219E-7
442016;0.6123015502326723;0.0014576852360410968;1.6813465807277276E-6
443000;0.5139177847074906;0.0014319590859052827;7.301829938525857E-7
444008;0.5012265479557547;0.001333067349140884;7.498591303005975E-9
445016;0.49479421837398696;0.0014434780448797544;7.382256071029708E-7
446000;0.5394271491142547;0.0014642167751339537;1.6289580267676613E-8
447008;0.5287197274573365;0.001506612335820817;6.6413786081115915E-6
448016;0.45256208232735795;0.0015431966619062964;1.409037316902712E-6
449000;0.49513890501273783;0.0014307244930815044;4.183092437626304E-6
450008;0.48808269001870785;0.00135208814804116;2.0392979380990175E-9
451016;0.514109090215494;0.001490537240219548;1.5125560024128356E-6
452000;0.5097689919564733;0.0014935208714856965;2.0143452878987813E-4
453008;0.5166108558872456;0.0015703535389924943;1.4613621271358092E-9
454016;0.5540798758243275;0.001587565874964895;2.981453887581899E-4
455000;0.5203495703754202;0.0016123111168143927;1.149319958494096E-9
456008;0.484088059097435;0.001605773939127782;4.6455385932232796E-4
457016;0.5161349953415515;0.0016600620898382114;8.524213147869106E-6
458000;0.5483278024939523;0.001816926609719819;2.8314999317183466E-4
459008;0.5719275272884412;0.0015444291759914134;0.0030813332117908612
460016;0.5846103581887812;0.0015996462312100118;4.444911512975883E-4
461000;0.5552454504706378;0.0019818897752745964;5.973443055746275E-6
462008;0.5066958852222414;0.0016131941346817298;1.735527554657926E-10
463016;0.5873413372057787;0.0014835716908805656;3.6282284070300886E-7
464000;0.5200949860596255;0.001595458457723758;6.807284251464523E-6
465008;0.5364504794918352;0.0016007707429751385;1.4751498607871033E-5
466016;0.5374238649850345;0.0016263954868915463;5.757089668157296E-6
467000;0.5380128717930152;0.001772017879051483;3.7313868295255864E-7
468008;0.5306604937393253;0.0015551578090694735;3.7313868295255864E-7
469016;0.5222358245433703;0.001561498877007312;3.2129405366990854E-4
470000;0.5489046322344794;0.001500819772262698;4.78788826064661E-4
471008;0.5721074274247061;0.0015599359436241494;5.360443010868749E-5
472016;0.6011817349822239;0.0015083159078675048;4.596750050464183E-8
473000;0.5157541646088322;0.0015193035538261616;4.463317103042628E-5
474008;0.492977712501019;0.0016389524295955347;1.178994990047902E-4
475016;0.49251542567549367;0.00167403990903896;4.10328068676609E-8
476000;0.572750985612601;0.0016940658739163453;2.2273544905808143E-5
477008;0.5656799392243703;0.0015108446383708051;5.463093773847202E-7
478016;0.6245332480968416;0.001640393955612978;2.7676591741429424E-6
479000;0.5895366952365318;0.0016588121777783283;1.4536185238876557E-6
480008;0.4998152959860033;0.001612885872118862;1.3372757780263316E-6
481016;0.5523426239528416;0.0016316228641879086;1.8056705750126416E-4
482000;0.5383785076941991;0.001517897300592303;1.2299875651043298E-7
483008;0.4811575580957325;0.001491097020448406;1.3851108530464408E-8
484016;0.5624128130373304;0.0015758241628109713;4.636617118003992E-4
485000;0.5807470961379788;0.001552387464584271;1.753217440925917E-8
486008;0.5624128130373304;0.0016852180124690658;4.636617118003992E-4
487016;0.4978808208714163;0.0016529441266954158;4.878055890518675E-7
488000;0.5793967516742063;0.0016276690561289426;1.7676058104127988E-4
489008;0.47587183903309405;0.0016042942285708144;8.973797340598243E-7
490016;0.5658073671532808;0.001489221843870347;8.152134874159537E-8
491000;0.5461324984280747;0.0014521382241428021;2.712192763061712E-6
492008;0.5075799106732546;0.0015451952226499793;1.3417477895036195E-7
493016;0.5408563955700735;0.001666941884759461;6.455830283638578E-5
494000;0.5524147149596731;0.0016814590861689853;6.811716893314771E-7
495008;0.5247374561553327;0.0016047708575679606;1.095577047866744E-5
496016;0.5085217594246415;0.0014942112306473069;1.9862936620771503E-6
497000;0.5274279692769589;0.0016452887687707042;3.2270984292856816E-5
498008;0.47652455226142276;0.001573960921996841;1.0047598555232509E-5
499016;0.5671249390394237;0.0016187111385700327;5.827230361614068E-6
500000;0.5074773152349935;0.0014996677400452773;1.9524735424919956E-6
501008;0.5484263556193597;0.001538979321184595;1.4387037296914562E-6
502016;0.5461425855154448;0.0016616288127353806;3.57335677911828E-5
503000;0.514105572829005;0.0016049973868619814;2.0732343694409433E-4
504008;0.496862104025485;0.0015626689555780177;5.802205855551809E-6
505016;0.5319222785600418;0.0016395728889541405;3.183399800511191E-7
506000;0.5814536113291575;0.0016159786322132628;3.733311828608463E-5
507008;0.5140571363918663;0.0017144799865232642;4.472107226812822E-6
508016;0.5828084766454327;0.001559041274762137;1.4319394061850344E-6
509000;0.5442105063459672;0.0015743565938630961;1.1554768218552934E-5
510008;0.5034836644293995;0.0016429780613874618;2.117471416074761E-4
511016;0.5262548113115129;0.0015995807600249006;2.1067848775200916E-7
512000;0.5092459320287482;0.0016445725223656097;1.6711945573834398E-5
513008;0.4993946117158438;0.0016562132374667552;1.9212884013305738E-4
514016;0.48592086368253623;0.001621692647490486;1.2292093894388665E-5
515000;0.5460849987303975;0.0016832968522103686;3.6035095037395966E-5
516008;0.5520598686060877;0.001610164293170893;6.507896414286589E-7
517016;0.5350463028057086;0.0015770956376873547;2.133628558564389E-7
518000;0.5266162454441853;0.001595312693079251;4.084809362253127E-5
519008;0.555043401960094;0.00164660086548008;2.8651271477800555E-4
520016;0.5229738371648233;0.0016531661483186624;8.194494005761984E-7
521000;0.5281174578623009;0.001739061237086042;2.6169199626605135E-7
522008;0.4967157157453673;0.0017772007830948178;2.165281778698506E-6
523016;0.47942579541489083;0.0017034546871612865;6.771267806254709E-6
524000;0.5169345406218364;0.0016020835567833373;1.863584024429143E-7
525008;0.5182988102341431;0.001551642376075497;1.1109631125006808E-6
526016;0.5400275498100029;0.0016357994581960773;1.3949827745695018E-4
527000;0.5348233885669474;0.0017115881077918618;5.517395172286977E-7
528008;0.5022626902843488;0.0015851747061285915;2.6801344069600547E-6
529016;0.5342739649957169;0.0016150500300493803;2.5974702905847026E-7
530000;0.5332082243901053;0.0016902528724722816;7.0553771115980534E-6
531008;0.5332082243901053;0.0017608178827274459;7.0553771115980534E-6
532016;0.49818015299083274;0.0015841945029139474;2.2218397397366683E-6
533000;0.5356522356162227;0.0014624615871017253;1.575756972655594E-5
534008;0.5409361095230409;0.0015751140582048004;3.1780035904549317E-7
535016;0.5858066325281415;0.0016414349842719972;2.001798791210667E-4
536000;0.5061827021741162;0.001504589717444321;3.151649057139169E-7
537008;0.5922103037749181;0.001579299474184248;4.4958671312748976E-4
538016;0.5223981426303105;0.0016106882634253044;1.2668596032708658E-5
539000;0.5049095416816474;0.0016112080771579626;2.385706343012947E-5
540008;0.5328931287231241;0.0015801120925733939;1.309092082062417E-5
541016;0.5111739295335634;0.0015216424088252563;1.0626766148516841E-5
542000;0.55784748830714;0.0015302338990879941;3.8136896211713325E-7
543008;0.5337543454224174;0.0016565892778173032;1.6381638585035343E-5
544016;0.5987871662513875;0.0014485969021817277;2.5019864484354223E-7
545000;0.566363893844385;0.0015267785946886736;5.684748228696494E-4
546008;0.48753000545022507;0.0015133853331388356;3.801826460493497E-7
547016;0.5577618953608512;0.0015503862667285097;8.638851708903111E-7
548000;0.47711501993192484;0.0016219165653240043;8.752162519616492E-7
549008;0.5485777507667491;0.0014916939916929436;2.2733612807371688E-5
550016;0.5027790340071454;0.0015702827334410125;4.141028422429539E-7
551000;0.5303654026383992;0.001437344551268768;4.7557044999350967E-7
552008;0.6158735942740284;0.0015774595415751712;1.7914932446224078E-6
553016;0.5478244986243658;0.00151715621006904;1.4794941525656674E-6
554000;0.5131245047790362;0.0014910308191436127;1.3854951687871532E-6
555008;0.6159054237464607;0.0015901730718010723;1.330761577864132E-4
556016;0.5393140613606123;0.0015331005389417637;1.213999698391932E-10
557000;0.5372761221088782;0.0016581949702581431;2.3530854083982495E-6
558008;0.581477154101356;0.0016610175613708772;1.0450778854308008E-10
559016;0.5480749990768802;0.001689039819933735;2.1778965668763996E-10
560000;0.4990652537574553;0.0016930387354490083;4.233468366733146E-6
561008;0.5924790383611077;0.0016834566193122925;4.4887074805889335E-8
562016;0.5558894385941009;0.001596371808697944;1.136964397088779E-8
563000;0.5020231200295927;0.0016669853719495753;1.4165347995661424E-5
564008;0.5046817265370028;0.0017915184619295298;5.636064084179665E-6
565016;0.5054475024026277;0.001696574624179952;0.002547215852179387
566000;0.5102943485039453;0.0018396296324697844;1.7254759612798102E-4
567008;0.5315056058037901;0.0016543757879190668;9.530393376604015E-4
568016;0.5892014233754307;0.0016920556951338687;6.069449959915386E-11
569000;0.5727611382462224;0.00180501623716275;3.0016530551730235E-11
570008;0.5559467974783922;0.0016917194712261373;2.340876683915574E-11
571016;0.6223106898141347;0.0017486969873036374;3.3288856648683665E-4
572000;0.47740692739044266;0.0017193264900508716;3.342979804963275E-4
573008;0.5306505268393836;0.0018184986513485912;1.1061612121108237E-10
574016;0.5616470861863936;0.001751878902227177;1.5684922047206893E-6
575000;0.5337428625005725;0.0016887593722536346;9.03644309259471E-11
576008;0.6079703539170143;0.0017719156791173578;3.8197899705108335E-5
577016;0.547131249939499;0.001715864630841181;0.0011189095506723842
578000;0.5232774453503991;0.0018131208761222822;8.141363937019184E-7
579008;0.5718622686212853;0.0018003114530105472;5.25831277323894E-4
580016;0.5669448729505656;0.001843007610108336;1.6237330117513148E-6
581000;0.4866006513623762;0.0017320143393992492;5.0021261435013744E-8
582008;0.5144771072916576;0.0018887066440884154;4.985570232400695E-7
583016;0.5203969799717143;0.0017390384418787094;2.0006308893461968E-5
584000;0.5566547588185204;0.001809770502181985;1.6460684008141763E-4
585008;0.5176068450934904;0.001711937150109168;4.549535030617888E-5
586016;0.588264152215721;0.0019276692504506352;2.1680191104456228E-10
587000;0.5794163597514654;0.0017925685846954247;4.8924923780791055E-6
588008;0.5446810635941322;0.0016816918744996794;5.718386929688609E-6
589016;0.6056872208924412;0.00163460770961895;2.8375756099990206E-4
590000;0.5425990314076548;0.0016476783093123321;7.811472772652056E-5
591008;0.4701965322080314;0.001553073377448201;5.936571130974791E-7
592016;0.5822621375027307;0.001673303549837971;3.1118540413105816E-4
593000;0.5103147760028766;0.0016461043028437833;0.001123757292773128
594008;0.537010571599527;0.0016736280936743384;1.1454388399652237E-5
595016;0.6190816682711991;0.0016538836619455681;1.5377073242639182E-4
596000;0.5649569172965386;0.001567313811098263;3.2283120509800814E-6
597008;0.5274935271159061;0.0015140342518183965;4.502517357050871E-4
598016;0.5606643400506981;0.0015996816886719618;1.0996323156308978E-4
599000;0.571164054257211;0.0015483340684812241;2.5577394710569155E-4
600008;0.6745242589331192;0.0016520887964452846;2.8394815950861114E-4
601016;0.5985483992396047;0.0014738724991156366;0.0036814015867284804
602000;0.500046741926451;0.0017035741601856118;9.543251136144056E-6
603008;0.5403777524753464;0.0016209769491865155;8.806122662522498E-4
604016;0.5758764141390597;0.0017017211124064578;5.995614226010539E-5
605000;0.5838104334620856;0.001676018008478221;3.1545663263801634E-4
606008;0.6012621366079717;0.001709617963748821;7.175580832648029E-4
607016;0.5466559617221161;0.0016566807626543826;1.1514771347023757E-5
608000;0.5713166612173071;0.001644037933032316;2.1453105496284602E-4
609008;0.561063802582937;0.0015699730838403386;5.063021644751758E-4
610016;0.6391617828237257;0.0017530417209365178;1.1234286063548739E-4
611000;0.584141714312937;0.0017125827007669744;2.5847296270185865E-4
612008;0.6117576446604842;0.0016713299853579847;3.8622922595447245E-4
613016;0.6707481423059612;0.0016340379057657832;4.712241745004485E-4
614000;0.6509628432650807;0.0016375583285533422;4.712241745004485E-4
615008;0.6417963543455485;0.0015229074940926834;1.0803575711889705E-4
616016;0.6349703044811182;0.0016646729806392433;1.0635889977165325E-5
617000;0.6202057131342901;0.001859887349923635;4.5869576189277035E-4
618008;0.5901683906113497;0.0018936600690911585;6.690245445525816E-4
619016;0.6497985746704813;0.0018163855815466162;6.854107906314297E-4
620000;0.6596260769175912;0.0018025021019249829;6.763878721310898E-4
621008;0.6560396014272982;0.0018323581244084582;3.474323231181238E-4
622016;0.744461100071041;0.0017263428471569315;0.0014797758805642329
623000;0.8164480042343757;0.0018060751857718268;0.001984005999128338
624008;0.8164480042343757;0.0017276188730021987;0.001984005999128338
625016;0.6844027071046557;0.0017845061308723288;8.974059322574563E-6
626000;0.7309160818502582;0.0018537141871732864;1.8746530853451765E-4
627008;0.7522238103163436;0.0018326064691985605;4.161471060397149E-4
628016;0.7623144365420085;0.0018256116471351597;1.446235784090546E-4
629000;0.8749491216331161;0.0018782711222606488;4.365382121862111E-4
630008;1.0352120702097851;0.0019421061755861705;1.2887845805593267E-4
631016;0.8690714240849539;0.0020226892908418977;3.760298341142102E-4
632000;1.4185833414351434;0.0028559564152491313;0.0016424222007295438
633008;1.9228121378436445;0.002671785077555811;0.002235645163146038
634016;2.13399716590305;0.002155286329668327;0.002649299949478727
635000;2.0674010431480254;0.0020062901403226545;6.086932728788232E-4
636008;2.1436874803958346;0.0017165122690103887;3.1734653594993296E-4
637016;2.1692318679081857;0.0018753324286970986;8.999016690544883E-4
638000;2.2469738767062655;0.0018251994207290172;6.017787286967698E-4
639008;2.021098944306601;0.0019307405855249515;4.3714127437618144E-4
640016;2.3461149893173046;0.002146661248627033;6.313618963272804E-4
641000;2.371124813632453;0.001994365751073957;8.391324199641994E-5
642008;2.2509029231072972;0.002006926945294871;1.837324535294419E-4
643016;2.4306464923132913;0.002102413718392153;4.201565827233649E-5
644000;2.2653342283978293;0.0019432431929660766;6.24719900696598E-4
645008;2.6899573236441974;0.0018379760851921997;1.1241281902970215E-5
646016;2.2242840935533286;0.0019545222684719675;6.219484828245586E-5
647000;2.3668184053172423;0.0019448773210718126;1.711565597356509E-4
648008;2.4319785077458858;0.002002616677190673;2.7767814500089533E-5
649016;2.321804843891747;0.002023082137591133;6.598726411527742E-5
650000;2.551957361505722;0.0020314884466508397;1.374817050071725E-4
651008;2.49027763982091;0.0020556235718058313;3.124004984830456E-5
652016;2.4048130097987372;0.0017615623072648565;5.5315048470972856E-5
653000;2.3868758265132346;0.001990744139509088;3.1114600802841625E-4
654008;2.355799381256711;0.0017808826983504574;7.605564340156797E-6
655016;2.4027571077221674;0.0018441006972162981;3.7338500448257236E-4
656000;2.526470408866042;0.0017155191636385487;2.0816090038515703E-6
657008;2.59174386271867;0.0018540709867004121;8.641564323441477E-5
658016;2.4104513774407392;0.0017586381192416817;2.230311898843224E-4
659000;2.5659304628523634;0.0017792460889203576;1.0993578508218304E-4
660008;2.384541887955039;0.0019712057524709815;1.9052769427163306E-5
661016;2.445806046781704;0.0019712441696423818;2.3954156068934E-4
662000;2.6399807130533555;0.0018183006294869531;3.016467772160915E-4
663008;2.259116843965899;0.0018517793390837966;4.6029747547793296E-5
664016;2.3275403460327064;0.0020297039805883825;1.1559193038503061E-4
665000;2.2527934564898286;0.0019374428279146823;1.5915869119445232E-4
666008;2.3478107796057026;0.001694899224439122;1.0455271621818982E-4
667016;2.5566919862215904;0.0017961862483420648;1.500620103910428E-4
668000;2.374684345225438;0.0018228994789383837;7.953911777886735E-5
669008;2.512736423434316;0.0018035459385330648;4.830911758934187E-4
670016;2.355297325934696;0.001820606159563215;1.8905031305875832E-4
671000;2.591106961294182;0.001769740122295689;4.4484313126672475E-5
672008;2.39291264223759;0.0017943783592865945;7.803693502796416E-5
673016;2.406513788380193;0.0018915567160628574;3.6670774662111614E-4
674000;2.269917700263221;0.0019040440263252269;1.3817739982263751E-5
675008;2.3721435913666205;0.0017988998914538743;2.0572611381685567E-4
676016;2.4360029913310464;0.002026482514030296;2.2685311909851118E-5
677000;2.6074439787156467;0.0019099297779268049;2.0673009021114513E-5
678008;2.4739435244623227;0.002008432115028178;2.9462662143151466E-5
679016;2.5162387287625987;0.0019469907980137584;2.5279712539619118E-6
680000;2.818289679746058;0.001950158304536472;2.3645287248497088E-5
681008;2.485993910055587;0.002260695093244898;8.229947443462416E-6
682016;2.7637981715655213;0.0019131909930080698;3.9875891433195916E-5
683000;2.249175105213163;0.0019167885712497506;5.226593622129987E-6
684008;2.606739538118632;0.0018862615180360973;4.784277197796788E-7
685016;2.503876962833746;0.00197258621098202;1.0595180101996652E-6
686000;2.7113534386745926;0.001994433090862691;3.1938600926079633E-5
687008;2.3571251717457407;0.00219665862855645;2.5200375322218117E-8
688016;2.488019811261511;0.002046140592013727;3.5739751115983685E-5
689000;2.3927846516945355;0.0019104791986532066;1.8847058177432828E-6
690008;2.3739170099780456;0.0020394518981191913;5.62433386003608E-8
691016;2.8397681314367125;0.0019019942648791893;1.3821347788992161E-6
692000;2.612618838705538;0.0023193263867289943;2.516652205549349E-6
693008;2.5176236730232624;0.0022474441099388574;4.919009368553449E-7
694016;2.4837535137815325;0.0021200564781936673;1.8632348625432258E-6
695000;2.4112123873358566;0.002216837251205637;6.815227738465199E-6
696008;2.5666149062585877;0.0020714164124975318;6.592475691424406E-7
697016;2.65821572242646;0.002140528803640605;1.1849409456754922E-5
698000;2.4123167431323544;0.002000862144495746;8.872722079144308E-7
699008;2.5585749947067598;0.0020058722655836793;7.984894807317983E-7
700016;2.431497630219336;0.0019004178225988236;4.3758322271821185E-5
701000;2.5915489171540065;0.002012685702943823;1.1289918845265936E-5
702008;2.5087223640034457;0.0018385616724816323;3.5966651665494886E-7
703016;2.4032881941656075;0.0021514604023513103;2.873755967704041E-5
704000;2.468640168327081;0.0022235760686509197;1.5439622025142297E-5
705008;2.473832144146949;0.0020463256383462737;8.961547962063704E-7
706016;2.512261631128358;0.0022240570973971955;4.29564478767662E-6
707000;2.5851620311026973;0.0023218324415276125;8.271184368682671E-7
708008;2.4901353650252407;0.0021185557125342398;7.4685552805435E-6
709016;2.687880952687217;0.0019951259848499316;6.379448803770807E-8
710000;2.626250809377942;0.0023656076521944213;6.71247609756783E-8
711008;2.535526345550333;0.00217768904446474;2.1269340952102472E-7
712016;2.5543517785453913;0.0022223148992686023;8.995704742238113E-8
713000;2.5796195826520565;0.002179160185538734;6.0911922013827E-6
714008;2.523170306561896;0.0020422804571730785;7.996409216976358E-6
715016;2.7035459947117566;0.001996110703548269;1.1339477718030557E-5
716000;2.452621124233478;0.0020419108207080567;4.201571608399352E-9
717008;2.486049311573481;0.0021288525694124027;3.109182841033787E-7
718016;2.7543142988511873;0.0022790355352387166;7.681305574336498E-7
719000;2.649372406138042;0.0019923531224431933;1.3080716672894777E-7
720008;2.412861916109392;0.0018822179134003066;1.970710853044356E-6
721016;2.4724771172220525;0.0024121679533237014;1.6174997847176572E-6
722000;2.862056373267074;0.002133549911269743;1.3246352846413626E-6
723008;2.3288135780428036;0.0018870608094714982;2.1198048912004045E-7
724016;2.6424674804366104;0.0021351335616951314;1.7190287467904026E-7
725000;2.3880354071045353;0.0019489221024618542;3.799630353278117E-7
726008;2.4372772945777785;0.002172575738729121;5.385528511423746E-7
727016;2.4800655023303255;0.0019383203278041852;2.394749088754189E-8
728000;2.332312907924274;0.0018715419719582348;1.5174168878553413E-6
729008;2.4292671646139934;0.002125282040673137;4.540526438329517E-8
730016;2.4795895695295513;0.002038484432981978;9.95395907699346E-7
731000;2.338191121420637;0.002074435193946234;4.1008751708479517E-8
732008;2.3297580511608;0.001986802441851031;1.4160826189066962E-7
733016;2.4018214353976783;0.0022053357151843363;6.021040325506573E-8
734000;2.6659658887566327;0.002021667590000621;8.924270256675243E-7
735008;2.380698694573673;0.002136438271436534;4.675705879708496E-7
736016;2.5350259267358917;0.0021264363619964634;8.216225281453038E-7
737000;2.6560139675291063;0.0022588383040651385;5.253362364540411E-6
738008;2.7002965259086453;0.0022501825170844307;9.995955734230221E-6
739016;2.634176188702134;0.0022311546607277164;1.541199878622936E-5
740000;2.6019413250627297;0.0022396260260869184;4.080340392287936E-6
741008;2.541926776561545;0.0022630331642689632;5.119256890964263E-7
742016;2.6315532580505523;0.002154265144451547;5.845841522798401E-8
743000;2.6707205437341797;0.001983102958617951;4.943298586387862E-8
744008;2.5588391895524247;0.002071022110630545;1.668096465943271E-8
745016;2.4454582076245996;0.002027132737374941;3.261087635289124E-8
746000;2.620341057783615;0.0020429866108717786;1.4209036076400534E-8
747008;2.337585463492317;0.0019055598473907154;2.0911889415376365E-8
748016;2.3745582215065735;0.00193365592551056;3.895357108723145E-5
749000;2.473020964655424;0.002216291709399224;1.0124023064610692E-5
750008;2.4120874863046913;0.0023208560601215423;4.135340245810648E-8
751016;2.3814319852322017;0.0022875014392641268;7.5011721383640546E-6
752000;2.567982639262275;0.002138891888431627;1.8520265557098813E-7
753008;2.5672563532797494;0.002355443052785322;2.0850349254619687E-6
754016;2.4394015854872975;0.0021208397795670643;2.7594886228421688E-8
755000;2.606887798985703;0.0023048688171036077;1.4565825279006769E-7
756008;2.43969706082199;0.00211298430567679;5.1334186910628904E-8
757016;2.5511753955411636;0.002040447828862751;1.6889222392412715E-7
758000;2.4571056848562165;0.001932985440697512;1.695306606252509E-4
759008;2.732188281284435;0.002024506121862786;9.875938374517748E-8
760016;2.5705490399632778;0.001955673674230716;8.940576518357534E-5
761000;2.8857558612492245;0.0019379436108619501;4.721397694737956E-8
762008;2.654718309904158;0.0019144240799807268;3.0777390514880924E-9
763016;2.4221341298926715;0.0019581345841524836;5.85209879456488E-5
764000;2.7892557339056134;0.0018393174703992773;7.942303515421464E-9
765008;2.7326598261365755;0.0019029195558304941;7.942303515421464E-9
766016;2.4466243819412585;0.0020087114385897156;1.321695299469177E-8
767000;2.5477432646544167;0.002055593786444975;7.797093603001844E-7
768008;2.682201951170981;0.002065545272767976;2.5333485019796807E-9
769016;2.6926533533591273;0.001983572338616657;2.5472135165439535E-8
770000;2.560529198018741;0.00189678879790866;7.428869242611485E-9
771008;2.442541633034713;0.002125560277526735;2.6996921762964422E-6
772016;2.6396344048437053;0.002064901084500021;1.2154865383056482E-6
773000;2.45636859355933;0.0020928242497968296;1.8245106585691297E-9
774008;2.5151935155577365;0.001949163397844287;2.3171473754071355E-7
775016;2.87357708696061;0.0020069639451793767;3.588298641275345E-9
776000;2.6198897240425385;0.0020102532265950258;3.643352324544871E-9
777008;2.6158458972277385;0.0020888504688347013;5.907463249515859E-10
778016;2.4197690751974497;0.0022110585694147507;4.120980412099507E-9
779000;2.4828214427849304;0.0022515392904405504;1.7982731765646705E-9
780008;2.5863904639171658;0.002344239712337166;9.529136307341346E-10
781016;2.7112986787388875;0.00205789726938091;8.405382850125178E-9
782000;2.5163912972047604;0.001747696028907366;1.0425894965688965E-8
783008;2.377838728316121;0.0020099011623620033;1.2502000497642713E-7
784016;2.4520392822369574;0.0018937465501077091;1.0340043646635552E-5
785000;2.2967369128188446;0.0018974382842562652;8.52008026786031E-6
786008;2.4711719873722386;0.002228835757409595;2.514927253726235E-6
787016;2.4469521606644653;0.0021328616449794433;8.496907862208089E-8
788000;2.4395779119175276;0.0021374565043665987;8.496907862208089E-8
789008;2.7860320858879413;0.0021209411541867704;3.8651014507349017E-5
790016;2.796241133494396;0.0021253421278672343;2.721212261546708E-5
791000;2.687486616703167;0.0020806058801886456;2.177381319503105E-6
792008;2.6344822842810185;0.002086517634144211;2.2690948448000083E-7
793016;2.4878901151658197;0.001944275643889641;3.832493085946082E-6
794000;2.7232260517230245;0.0019404342103077734;2.316988260926272E-6
795008;2.796819231278888;0.0021508678712710266;9.883297139941858E-6
796016;2.521302077899479;0.0018964688049774732;7.63660790630221E-7
797000;2.501998818986712;0.002024667155175609;7.515756884516525E-7
798008;2.670807488159606;0.002001949676944421;1.8820610248371803E-7
799016;2.639616136484385;0.0019690258102132235;2.9804855001739015E-7
800000;2.5401458771456777;0.0018713593427385877;5.784624839799174E-7
801008;2.5469453944879126;0.0020248044059878695;4.414068095091738E-8
802016;2.8534104022181603;0.002019032634190295;2.9858728089291167E-9
803000;2.4624284011570685;0.0019984177453395368;5.894830111351788E-6
804008;2.6318355162089184;0.002034920426655414;3.5749746347832515E-5
805016;2.4448655696956765;0.0018878374741543853;1.5465667370754977E-5
806000;2.5257286579386387;0.0018266689499135333;7.92915930423416E-6
807008;2.779421738332159;0.0019267169786363043;1.3024980895870736E-6
808016;2.7830190768196728;0.001957779820274664;2.1935554001250017E-4
809000;2.566226837996137;0.0021843824750928985;6.649047151374291E-7
810008;2.6883757341864314;0.002284678114646929;9.422801308588149E-8
811016;2.4388224465128956;0.0019527436000615595;2.1687063212763424E-6
812000;2.6186189623095975;0.0019993988392787037;1.2105884967098792E-5
813008;2.6281745583837024;0.0018852465721624187;2.891315820244981E-7
814016;2.547954537597425;0.0019797725536435046;6.929508552284751E-6
815000;2.478882015149983;0.0019138434750190787;6.786457538487031E-6
816008;2.313419171351446;0.002145749686961839;6.167898418910832E-7
817016;2.655744903598429;0.0019768546039568504;2.198681747693338E-7
818000;2.4541554137489747;0.002126859340387918;3.532157605979743E-5
819008;2.4561324910582636;0.0021523612951031045;3.056866183346825E-5
820016;2.612056069999558;0.0022814282363775597;4.716447800674732E-6
821000;2.5571109347288026;0.002172226026246061;7.34352175234287E-5
822008;2.5965274198158212;0.0020078717860699314;4.6531033063531723E-7
823016;2.5953378992856893;0.0019010618313531078;1.2306059102412031E-5
824000;2.395546044476741;0.001951597822027861;5.965669956934283E-7
825008;2.720037362405477;0.002108268496151865;2.9496693920011425E-6
826016;2.4351063419160677;0.0022709552653643705;6.515018786386483E-6
827000;2.596312251501554;0.0019750340158072926;2.8883241028826586E-4
828008;2.5750782125504634;0.002261901140622915;7.277527766219781E-6
829016;2.54193820611008;0.002120089378254598;6.079101172330923E-8
830000;2.726112912384045;0.0018090189103227231;3.864084175610025E-8
831008;2.2640777361483115;0.0020046354438599694;2.331342573902106E-6
832016;2.809096866191789;0.0020620927040317567;1.421653918651147E-5
833000;2.514026197847616;0.0018745560407057028;1.109088548939494E-6
834008;2.744385583725408;0.0018622902299025848;5.809779914482029E-8
835016;2.487096910840191;0.0018614805092481126;4.4222416708107125E-6
836000;2.4697133852242965;0.0018434309056834142;1.4099543388433794E-8
837008;2.323610749977631;0.0020581539756504477;2.0460281435331295E-5
838016;2.494283881604324;0.002029698664484826;6.93291268911765E-8
839000;2.612112890484266;0.0021281271954544066;2.1327825413636747E-6
840008;2.514003861345654;0.00234652404212257;4.111456664881067E-6
841016;2.4706735367520785;0.002108797378203178;4.1494252612211137E-8
842000;2.5589333622422656;0.002153234054780268;2.048463717761031E-6
843008;2.710658879606606;0.002040639928879124;1.4937503707634774E-5
844016;2.5736804624481193;0.0021174393067339573;1.902372964063751E-6
845000;2.3802739499292076;0.002199405597905377;3.6204549194617803E-9
846008;2.6843301437154525;0.0018118432701828926;5.360445667558116E-7
847016;2.6031999877034675;0.0020503754472343248;1.2095064911212131E-6
848000;2.6365245764146246;0.0021079454949453473;1.1066123117770007E-6
849008;2.6275300178913543;0.0018863514846315284;2.1995204010170356E-6
850016;2.521583643757288;0.0020398710391655635;1.0496649754809203E-6
851000;2.619705389822525;0.0021076245144796197;1.2238979093599868E-5
852008;2.6294930833835384;0.001971637111741955;3.4631584546970694E-7
853016;2.581333858765466;0.002064713730720437;2.0828910442769333E-6
854000;2.4935337695318815;0.0019495416950362477;1.1409741201132894E-5
855008;2.4314860824844002;0.0018830925085724845;1.4264251966981012E-6
856016;2.4681706454178616;0.001965752840425799;2.055341720738279E-8
857000;2.7079615955569496;0.0019935182699809158;4.462785822337165E-6
858008;2.6673505634883683;0.0018649821406102436;4.3466139810600405E-7
859016;2.3871778609468457;0.0018766715905899046;2.4859375672877996E-6
860000;2.5865657356879432;0.0018203857141253917;3.519240254936537E-6
861008;2.5687654317877944;0.0018717035713463977;3.732243773847199E-8
862016;2.608750217806259;0.0020573045794423715;3.887496675296518E-6
863000;2.53612636763308;0.0017915017290511257;1.3223009552570845E-5
864008;2.655566144091304;0.001994053530017485;8.36556059754903E-5
865016;2.6269126402939103;0.002293970174560174;3.4120847437399533E-6
866000;2.5298636117888007;0.0021297355931131187;2.743438045396077E-6
867008;2.593848618245282;0.002054922670552171;3.265869338599023E-5
868016;2.4186786404568728;0.0019047572950456973;2.860559484475387E-4
869000;2.4383365406895847;0.0018524154502570854;7.060183105412033E-5
870008;2.5663672639355255;0.0016700576691662345;8.479519761792718E-5
871016;2.5910406546305693;0.0018644784871151556;6.044941977412657E-7
872000;2.645791455006642;0.0019489085385410384;1.3569030700643978E-6
873008;2.494786976495498;0.0017565797789852197;3.07294566104683E-6
874016;2.7112024378192396;0.0018919218579284212;1.3555294296868428E-6
875000;2.3091262695529142;0.001935887615768242;3.14470332052058E-5
876008;2.4386587723523294;0.0017503990215252281;5.1203979971384074E-5
877016;2.4730738973971174;0.001891436806775281;1.4775817051781347E-6
878000;2.3798184257038733;0.0018222921181223538;1.4210633221854562E-7
879008;2.504768450625808;0.0017847843912819344;4.5395122193279746E-8
880016;2.469825431246398;0.0019655065615917923;5.387084892714639E-6
881000;2.3851016276099974;0.0018806114172675542;6.58589689157857E-5
882008;2.515182307213635;0.0019546134835740714;4.0184996973533615E-7
883016;2.695630069013823;0.0018016022860157363;5.7793068919510866E-5
884000;2.4766095367038354;0.0018455376916678963;5.7793068919510866E-5
885008;2.4342468764416285;0.0019678129580163995;6.090490837559594E-8
886016;2.5041320457874403;0.002012410301623777;2.4779410425325114E-6
887000;2.4505869108181506;0.0018345672811023537;7.307540941765184E-6
888008;2.370206182009089;0.002043877991815742;2.3724656329996344E-7
889016;2.4894393300726168;0.0021228804478461752;9.242442674846993E-8
890000;2.273664734589298;0.0019797176995659683;7.074712772123707E-8
891008;2.551160894113249;0.0020273589475042456;9.858081276964963E-8
892016;2.5283392219336545;0.0020807232225263507;5.874544388328064E-6
893000;2.560405156834218;0.0019980960595215014;4.865228115278144E-5
894008;2.5625446122102384;0.0019950818427526347;1.6697231900139297E-4
895016;2.5879397515887392;0.0018485116133870058;3.516534620449528E-5
896000;2.5788590172440067;0.001974728787601204;2.67676779396683E-7
897008;2.355871667299525;0.0018630610677189885;1.8274908529063017E-7
898016;2.435259745238549;0.0018453837411066922;5.193643202034864E-6
899000;2.686662853603026;0.0018946138460863744;0.0027899418727386966
900008;2.5846097289223473;0.002025615474993783;1.0131149161707936E-6
901016;2.4874458614659893;0.0017805623193505788;5.794025718284919E-6
902000;2.426554483419254;0.0019058593832883555;5.10804133892045E-6
903008;2.5506071731271955;0.0018861076311905522;7.506240358336231E-5
904016;2.379263027104007;0.0019343448628787608;7.38556709014004E-5
905000;2.38545200612028;0.0018799807636963185;3.757967879586387E-5
906008;2.4559242595230417;0.0020754496987416514;4.2786913320123205E-5
907016;2.600431894975398;0.001729216448520429;1.4574409837945581E-6
908000;2.571881398237738;0.0019471602503167264;1.1132923059499651E-7
909008;2.614683822956504;0.002029307643326425;1.2937392657194311E-5
910016;2.596732816311066;0.0020491181514235;2.6692743159741225E-7
911000;2.542180831836039;0.0019698368095600115;1.1170588015351962E-5
912008;2.799304354772832;0.0020309625405497737;8.186482944041272E-7
913016;2.382400137408815;0.0020987929713766947;6.029892577784996E-6
914000;2.546867665880031;0.0019156677702182618;1.3616174378714386E-6
915008;2.6851542597416262;0.002091099152095686;1.1726134941634771E-5
916016;2.620586230032382;0.0020603103202267966;1.0011628505484735E-7
917000;2.6309403940071894;0.0018739825786476076;6.244458606151396E-8
918008;2.6675203304995643;0.0019464107711938921;7.340624691604208E-8
919016;2.6988840842910236;0.0019229201426114492;2.691521870227803E-7
920000;2.479891707045151;0.002032311414476675;8.283850092106748E-8
921008;2.5774738814482863;0.0020833737426674166;1.1553336340738702E-6
922016;2.6204551641042344;0.002251133304028068;1.0387900088263321E-5
923000;2.500744575746929;0.0019729135094211673;4.6170484172351285E-6
924008;2.6107630262184984;0.001883002415222533;7.911088822894976E-7
925016;2.605330158237817;0.001994287882955064;5.0598373670199795E-8
926000;2.625311524886016;0.0019025273099516446;1.3095706417742894E-7
927008;2.855322038913331;0.001898488711674922;2.1295363078749563E-8
928016;2.4866237598498766;0.002006176859615687;2.3765771891955472E-7
929000;2.6095165518142833;0.0020079181761960057;7.044227446160484E-5
930008;2.425616136513021;0.002253165020700849;3.682185477225481E-6
931016;2.5684933294603214;0.002020030065766956;1.8456357388867597E-7
932000;2.622233346398699;0.0020584326101852953;3.7645239889635466E-8
933008;2.3748388674146983;0.0018972908217295666;2.020398864063961E-7
934016;2.451253328915654;0.001887142761499781;5.963865167372576E-9
935000;2.6811801820051038;0.0018997175260946878;3.2737446026961975E-5
936008;2.6038369371698042;0.0018773520955764097;6.286247199962831E-8
937016;2.5175275935663377;0.001929595645127575;9.987293476843674E-9
938000;2.5450872564449556;0.001848817403006311;2.2246961310544714E-7
939008;2.500495328527543;0.0021556703291585274;2.8341797082857454E-7
940016;2.491888973921544;0.0019061870441014648;1.5856277401105051E-7
941000;2.5603578004386667;0.0019286657915291855;1.0539833741367518E-4
942008;2.620687287087026;0.0020925214853056754;2.3398728269786548E-8
943016;2.542389233186201;0.0021149470634746455;2.448900513743293E-7
944000;2.536988603770035;0.0018867212786230004;1.0539833741367518E-4
945008;2.4390008339744256;0.002100745306976569;1.542531231412943E-7
946016;2.7294478283460197;0.00195310057741039;9.832274093555143E-8
947000;2.728263935422559;0.0020924704004364543;9.952535232090917E-7
948008;2.7773669942230916;0.0019893264496758916;3.1561285442502926E-7
949016;2.563998682974745;0.001927062741106348;4.2593569748056897E-4
950000;2.5331942173897004;0.00204799002552758;4.448513136540473E-7
951008;2.4955744310869097;0.002023798820693797;1.4768504927580265E-6
952016;2.6738166706660067;0.0020508818278125833;3.129118202804857E-6
953000;2.701094910165322;0.002019424172720926;2.8328570961847826E-6
954008;2.4628295035684786;0.0020725814010767187;1.4051670778202818E-6
955016;2.484139106088847;0.002141774300089335;1.7358455660964968E-6
956000;2.599177051850678;0.0019839293433199;5.644733731963854E-4
957008;2.4926565838032526;0.0019498938820606293;2.3691725528971758E-5
958016;2.63057152537884;0.0019581470479198733;1.600325856132476E-6
959000;2.5475866627248704;0.002000584697723129;1.0863338115133414E-6
960008;2.5685873950461504;0.0017851115963833022;1.0038599156645787E-6
961016;2.5685873950461504;0.002151980199446935;1.0038599156645787E-6
962000;2.5920566123634927;0.0019467592235968695;1.917660891158489E-5
963008;2.6387345534753757;0.0017619450535081415;1.0134268110030365E-6
964016;2.4531673991361487;0.0019012884215724784;1.2145145340668725E-7
965000;2.420252093314915;0.002040039130257357;6.345439308373592E-5
966008;2.6691111245818924;0.0019093143573531458;5.190395023763236E-7
967016;2.2093989005551697;0.002128240410637053;2.7928057742275166E-6
968000;2.745187570581277;0.001851078954392131;5.401853127230318E-6
969008;2.528103404611265;0.0018537974758154985;2.3840765376285546E-7
970016;2.5827840155568667;0.0018270619539055416;4.721777571745259E-7
971000;2.6362271545976736;0.0018393003586956427;2.2113609369171386E-7
972008;2.778017068100116;0.0018176845155622485;1.440030492221132E-5
973016;2.300597299963774;0.001983349104066422;5.4313410211332045E-5
974000;2.5221734915568046;0.0018712914783545875;1.8801318862559798E-5
975008;2.3621047214565825;0.0021225779570646997;4.6960715592213643E-7
976016;2.7251931324946073;0.002045915938862838;1.1721076469201143E-5
977000;2.5067056495578495;0.0017813727072430062;2.6323769140780102E-8
978008;2.5964003997128566;0.0018858931896846612;1.385308186424339E-5
979016;2.4070955577413953;0.001896465752364162;3.524453089802207E-6
980000;2.3070141655998673;0.0018680466591530537;5.589018889277066E-6
981008;2.5819694783074656;0.001766751655012311;3.134088263904871E-5
982016;2.4251381364262734;0.0017344588832757168;1.0289449985797884E-5
983000;2.402281913681169;0.0018728339577020303;9.680754572436688E-6
984008;2.506066082048556;0.001859430606758987;7.526116822541084E-10
985016;2.3949702461434423;0.0016605633676156691;5.785218338755994E-10
986000;2.5266407672530105;0.0017887528236099333;4.891302043088428E-5
987008;2.2969858544633857;0.002071340636799607;6.86427730578185E-6
988016;2.3687640634456786;0.0019225271634850675;5.714464675102157E-7
989000;2.513893606131899;0.0019890731538123162;1.5480189177839844E-7
990008;2.296487375855301;0.0021719320562573474;3.495780370321186E-7
991016;2.5993633745722904;0.002055217377911426;1.0456467860759608E-7
992000;2.6316073198423657;0.0018721123423544902;5.59808311102872E-6
993008;2.4104625479459205;0.0019204742984459226;7.757681360321802E-10
994016;2.6316073198423657;0.0018934521295048674;5.59808311102872E-6
995000;2.1894836316431934;0.0017951153964950155;5.976217831516292E-6
996008;2.588253471508344;0.0019834400036335053;1.4357252011832393E-7
997016;2.577182071131448;0.0021897907767652164;2.4179062389552847E-9
998000;2.676225087250751;0.0019314311328250777;3.04447498718543E-6
999008;2.3014231162718386;0.0021233120545588267;2.8217654892881416E-7
999944;2.3082382581470515;0.00200397045632815;9.958527683228364E-8
