Evaluations;Max fitness;Diversity;Mutation rate
200;4.892105699201009E-6;9.151043710443464;1.0
320;0.0012635699664139833;7.000483175460662;0.38218965203369665
416;0.0054881654818762044;4.80186979891795;0.23767509619871763
512;0.023405367953376936;3.165655551897046;0.41510375253781734
608;0.039951738713168775;2.265616565940841;0.07059625315769479
704;0.06869721061521189;2.093266077290744;0.38339813136755696
800;0.10956588300543636;2.2687236754928475;0.5715792728103173
920;0.20726945024108587;2.5288048483703394;0.3509531228891987
1016;0.948064963508643;2.4791818496266376;0.4166310756828095
1112;0.11447143674777478;2.293925778843629;0.8519593190903401
1208;0.643346789566662;2.0740437983717706;0.4837633014601785
1304;0.3376599142525683;2.0449233063233954;0.14374772563957988
1400;0.46610122066386256;1.746875656128605;0.056337132304123363
1520;0.5901877660316381;1.5803869040400615;0.019758578239581305
1616;0.8085915667643038;1.4353497311058965;0.20311309918648657
1712;1.199099217961202;1.3096755850172874;0.16095959502172807
1808;0.8304124883057014;1.20733369668523;0.20257193309128776
1904;1.0091723986013978;1.1886464636089826;0.6399896282417064
2000;1.1772548485445922;1.0293883110946251;0.8027434138862235
2120;1.9456801410916744;0.9242633105148246;0.1680269597809464
2216;1.6757991623816915;0.9200614397439806;0.27091669228221676
2312;1.768536507336026;0.8357959390856922;0.13163441537338688
2408;2.544281483843898;0.8179361253272068;0.1274536854979355
2504;2.7403764038853313;0.698656467583476;0.45820791241723885
2600;2.8847192524580745;0.6385589103478413;0.1714589065023262
2720;3.3843494476511857;0.596366187113704;0.3030240544719743
2816;2.5740275852583787;0.5122032971791023;0.3369191089266732
2912;2.3285301798158176;0.4658095445599949;0.04612617912491367
3008;3.318918374947539;0.4026104427070728;0.1583631395927901
3104;2.9723420746476044;0.3947515142003302;0.11584042932184788
3200;2.701594008732534;0.3966025936856547;0.04897082913200352
3320;2.2601162597569857;0.3814642943159965;0.10450560469517932
3416;3.579000400646557;0.3258013438755248;0.043117124196264615
3512;3.15278613255827;0.34169355900331494;0.12332755460282392
3608;2.889828082572801;0.3384929305083188;0.08748266991623331
3704;3.139039550351169;0.3423845276862156;0.0376578191366967
3800;2.9723420746476044;0.3527475684107929;0.11584042932184788
3920;2.987964231240045;0.33891662828667035;0.048820348018788276
4016;3.25854679557792;0.3330114626122166;0.2690383347722333
4112;3.0232143769365303;0.32162443054216067;0.027496912254778412
4208;3.3582422592010013;0.31644328035585345;0.061441269987613664
4304;3.895192666950377;0.3216377458861839;0.04039104675225212
4400;3.6225648980788145;0.33015593490711176;0.040205265039732534
4520;4.0740852847322;0.31741339939199;0.052851483782335645
4616;3.8347233763570996;0.34129781776456364;0.060084808563044774
4712;4.0740852847322;0.3311228128053969;0.052851483782335645
4808;3.226637348696762;0.3090887833648946;0.04992674033292433
4904;3.620961272935634;0.3033996274138001;0.05413998712355599
5000;3.3326512304763902;0.2871516794986772;0.03858083311447133
5120;3.779205711266578;0.2991885771335098;0.017683783771683288
5216;4.0740852847322;0.33493871262996666;0.052851483782335645
5312;3.6495346669492017;0.29649358452729513;0.017683783771683288
5408;3.3904566251122037;0.2888937917359232;0.025148279554901305
5504;3.3048377979335757;0.3102921583383076;0.022282995342533654
5600;3.622496687698603;0.3041010787524514;0.00963680484246078
5720;4.777067494867441;0.308307674884661;0.01744570683025625
5816;3.487529285023819;0.3110337392189662;0.028929657332385884
5912;4.777067494867441;0.295194904130084;0.01744570683025625
6008;3.555099319566941;0.2950561138750934;0.00824702898064133
6104;3.8630564489900268;0.2827834672748012;0.028064611163347394
6200;3.183634238041788;0.2965553210890477;0.013315072573365847
6320;3.6803630303256707;0.29566469122108946;0.018968622869330886
6416;3.5051914775019695;0.2802029360704068;0.015129626446209798
6512;4.248596553873832;0.27513784822345266;0.005138221025642134
6608;3.6803630303256707;0.288939674984296;0.018968622869330886
6704;2.767441676727741;0.3029538184392187;0.030864374267917785
6800;3.421484002625845;0.2846227948157569;0.025661362243324423
6920;4.248596553873832;0.2900478524130237;0.005138221025642134
7016;3.073949613631901;0.2659435135777267;0.0027460920211305616
7112;3.31877705380617;0.277391089196221;0.009059983455074559
7208;4.248596553873832;0.2905995531890177;0.005138221025642134
7304;3.415823253168491;0.2769995513786246;3.647638854588125E-4
7400;3.0476959414319627;0.2938733342866956;0.025121287049313296
7520;3.7866472479713007;0.29128789163974633;7.253435534909399E-4
7616;3.540785118870822;0.29391204161882184;4.318040640355896E-4
7712;3.6850682261629686;0.2844642327093922;0.002207294963017468
7808;3.3309483144221215;0.2685775741634442;0.0068841578144222485
7904;3.6301516477477054;0.27031821787082;5.127543638754625E-4
8000;3.7107775780021584;0.2786861463355837;0.0016454650127105473
8120;4.30323802298911;0.2920369576383199;0.003989715971107442
8216;4.206007139372121;0.2579620835199633;0.0068841578144222485
8312;3.2318544569628664;0.2595982956951997;0.03785802943872621
8408;3.439552979071472;0.266325377254513;0.013811472779507183
8504;3.313778193314302;0.2769451956850879;0.005103597200629192
8600;3.468126440610005;0.2848885743139453;0.015644360477997006
8720;3.493808125080996;0.28207792563958767;0.05245695055387965
8816;3.8716323521816296;0.2875850840360612;0.0077527654596175905
8912;3.4653267427047516;0.29132285370449357;0.002140324676305133
9008;2.944122604853362;0.2933887950858183;0.004210936120352699
9104;3.310883434324555;0.30043753528858635;0.0027502270019870855
9200;3.404665602278902;0.292028369973804;1.8890426268878364E-4
9320;3.0809910627671373;0.3096055609020598;0.001336218772511561
9416;3.7637400977566786;0.30046790861525097;5.399641245094983E-4
9512;3.343958183868227;0.29433259658619715;5.363774419681043E-5
9608;2.9112004555298365;0.27504000501352194;0.05768112439367605
9704;3.484431410826954;0.28142766046425705;6.661657927252316E-4
9800;3.6646868826857943;0.2921068630197838;0.0025582721739176384
9920;3.3061425390809243;0.2837016620878878;8.816934266036325E-4
10016;3.651874307684267;0.27209087449732267;0.007082946517110573
10112;3.728491368769167;0.2713327622913419;2.19674083205271E-4
10208;3.763672817059129;0.28186483676420765;0.003372073250552915
10304;4.900603074561055;0.27846437759481535;0.0020424300534443007
10400;3.0940593371034106;0.2915681697312479;0.003825268932466346
10520;3.544077122127946;0.2665069611835267;0.00873865490526979
10616;3.4489187638992975;0.2749650301131656;0.009389334570298755
10712;3.5173912916499397;0.2851231145398326;0.005822303752918922
10808;4.275093500053937;0.295274897121595;9.252905779808024E-5
10904;4.239748382989544;0.29540817288585836;0.0011438022359106883
11000;3.669790876114985;0.3098164118795716;9.252905779808024E-5
11120;3.868635776736118;0.31579825693968705;3.6332639008442984E-4
11216;4.0889433277393765;0.3097754035632674;2.1740885613241715E-4
11312;4.057687973891805;0.2938888751467018;0.009489332587374171
11408;4.13304467651666;0.28990659235443883;0.01591793255116546
11504;3.246257319477515;0.29741834441993825;0.020102833100594335
11600;3.627946781609629;0.29528141020291165;1.2220694381914515E-5
11720;3.1695086383309405;0.31201384551675876;0.029561520737992217
11816;3.3090152340706798;0.2996741279614937;0.021937167378544252
11912;4.166291483147057;0.28998205930049425;2.0528692598234624E-5
12008;3.600886470228271;0.27708344969539966;3.5410820100231387E-4
12104;3.449620350792693;0.2742979087186256;0.009954468324223947
12200;3.5611200895335497;0.2955459635507825;0.015704776005452604
12320;3.890291969307437;0.2879467390691837;0.02050746776549239
12416;3.5633846938723157;0.2994714244134868;1.0373518959798767E-4
12512;3.4028855869038357;0.2883711890128919;0.023432213421823483
12608;3.6311218288982734;0.28682680302796515;0.022681951014957603
12704;3.383743248988665;0.28134793308174333;1.5703460539133465E-4
12800;3.589073477691391;0.27789034582738814;0.004670289801182536
12920;3.7708093483355962;0.28153152092810935;0.0062743282378256845
13016;3.595547481430206;0.30188701274441454;0.04584691291062882
13112;3.860202911991208;0.30021791270090936;0.020052744716893677
13208;3.6255983229210074;0.31566657188042174;0.04584691291062882
13304;3.55587549178184;0.28564105762132624;0.005285830962610182
13400;3.419999976447987;0.2983221917836421;0.026046359481546953
13520;2.909097782116541;0.276429542602409;0.10659296901661806
13616;4.449880022414138;0.28769752222253503;0.0015595191825866562
13712;3.735801553434501;0.28472558174949436;0.004056846825143602
13808;3.3944405921797225;0.2989804696818636;0.0016381084536883697
13904;3.047176560449387;0.32463578848158053;0.0010874591007592586
14000;3.958284466635261;0.30658782925215594;0.0015595191825866562
14120;4.969012745776251;0.31207029461532515;0.03253932484779268
14216;3.6442271575036647;0.3108059647845275;0.03253932484779268
14312;3.5655270758107296;0.29508534276267734;0.006966183520249648
14408;4.243970588077052;0.293203018931401;0.003696064768723519
14504;3.490697151979915;0.30979941595171623;0.003696064768723519
14600;3.650115362594779;0.2892443223288224;0.0018558130879623618
14720;3.5159542167130002;0.2886925773192076;0.003938513688160419
14816;3.373636137060299;0.2831885220284233;0.008971207870404384
14912;4.136860124739122;0.2941610739787811;8.973947737691046E-4
15008;3.7960780197386668;0.28574764453967927;0.023100195557877363
15104;4.107515449204944;0.30480113670093845;4.3223376827773334E-4
15200;4.0612055903739614;0.3153954441294303;2.818704578095537E-4
15320;4.21298487378567;0.29804793238472227;2.454712741461077E-4
15416;4.012085909868535;0.30052804658714516;0.001299851469887325
15512;3.8762533007139908;0.31746176454542024;4.3223376827773334E-4
15608;3.208178033776582;0.31371521363120974;5.29039282355429E-4
15704;3.394525032790199;0.29473483808429074;0.0012725314000925961
15800;4.308274340545665;0.31980735418276274;2.2707257330086057E-4
15920;4.0766324152173645;0.3298300744280211;6.493552185950818E-4
16016;3.573218499580441;0.3373114692583503;3.152523846800167E-4
16112;3.619394144256635;0.3322762458444446;0.01687942614032949
16208;3.463303987937834;0.3193510514294989;0.08517018773476581
16304;2.677486727306645;0.3168221229969996;0.0018193789783774827
16400;2.969806403938591;0.32794289866288234;0.035485032809307405
16520;3.8633121243183908;0.3308328384360743;4.7055949298652384E-4
16616;4.042237404394103;0.32294814274301975;4.052706513788355E-4
16712;3.8633121243183908;0.31190670573829055;4.7055949298652384E-4
16808;3.881530167155641;0.3287589249429816;0.0017031763675900962
16904;3.05543222990499;0.30446095517090893;0.013611503615711189
17000;2.8931844791685206;0.3198377081965688;9.857117955163742E-5
17120;3.2589104815443983;0.3070821650143714;0.007666238391480851
17216;4.202248041855464;0.2974517992432311;4.256872447861243E-4
17312;3.4055363495245965;0.332531114601646;0.0015070675175912424
17408;3.6726766434379603;0.31614409217721673;7.652680118829177E-4
17504;3.1890326733713663;0.3039020635023269;0.0010857649289240936
17600;4.446100782270673;0.3142605292075426;0.005580360961552062
17720;4.446100782270673;0.3103793554090421;0.005580360961552062
17816;3.2363669816213565;0.30760700286282777;0.002206594525517009
17912;4.026831986390287;0.31732420533828426;0.01090133072273389
18008;3.935727241421941;0.30657770658317296;9.526667382726248E-5
18104;4.446100782270673;0.3137768945486751;0.005580360961552062
18200;2.998480625990367;0.30137776666491484;0.002206594525517009
18320;3.2048429129646117;0.3173965105669651;3.448431047002959E-4
18416;3.8692404869510426;0.3103470370078743;1.9971657154691343E-4
18512;3.6793355436015105;0.3273853990758042;0.0021129595756589556
18608;3.310935136364738;0.3250718245708127;0.0032091044569554786
18704;3.4904613328259875;0.32039668525222664;0.008320347167976163
18800;3.908377207658465;0.33605629628410066;1.9892926456340087E-4
18920;3.9688091692073457;0.33958238133432966;0.0031218922698002037
19016;2.9788338102301704;0.3295008606290456;8.56619347172095E-5
19112;3.6845885471772855;0.32874929218528465;0.0030294062876912065
19208;3.714299190029242;0.34240720221423954;0.002097411374490896
19304;3.30467438365653;0.3397953457690101;0.0017399679201403992
19400;4.1611088921411765;0.3125045950037868;0.0012004147237806761
19520;2.9120480708192353;0.30420713425662327;0.019775304694000025
19616;2.9919063383892626;0.31000681686623194;0.004482286135341016
19712;3.4251702807111366;0.31786785778791127;0.0022398321165572064
19808;3.408628902917892;0.32824751693564325;0.018285032226811982
19904;3.576393948723331;0.3369826109700172;0.0057641788083556
20000;3.38544267634824;0.30768872169884576;5.269451280801446E-4
20120;3.744838080010987;0.3183108531484172;0.030016935782551483
20216;3.8038347644301673;0.33452699779334455;0.007268946719924167
20312;3.147694901482621;0.314581633555628;0.0011054902085043648
20408;3.8315828530738227;0.3282497045782699;6.519865270209824E-4
20504;4.003966621438234;0.3233897451158708;0.002968451909945841
20600;4.021667511601927;0.3291704493107382;0.002568881048021634
20720;3.80296231570931;0.34165631820262166;6.519865270209824E-4
20816;3.6476355567530656;0.3578476512802025;0.01788440531609526
20912;3.511588007593966;0.3371649677254676;0.004447585553427282
21008;3.7618942187026905;0.3426591629427797;0.0024737593252622926
21104;3.1880627726036033;0.3343697745273574;0.010513504977477448
21200;2.8120414037314934;0.35616463595538894;0.005510820549329871
21320;3.2153229735992466;0.32224261938110144;7.813811004592967E-4
21416;3.8092529909201778;0.35253500884570393;0.005713382706754023
21512;3.289353487979507;0.31606596449122937;8.368718227399828E-4
21608;3.729205240727768;0.3263650986171828;0.03184718730356387
21704;4.0966539046992;0.34911182488101705;0.0019828677403473873
21800;3.3785684234378426;0.3019025696699842;0.002521111810482438
21920;3.1163221873717366;0.3265750125122954;0.011208934426192342
22016;3.261480548626891;0.3182704913387664;0.010614340635686354
22112;4.021667511601927;0.30796845831471525;0.002568881048021634
22208;3.684596354411183;0.32405947414000086;0.009572651230593527
22304;3.6691240480563656;0.32146041509868334;0.003089792449728632
22400;3.530567953560656;0.3004025740279515;0.002183179637444839
22520;3.860743068015356;0.3049952113773436;0.0021102312460578375
22616;3.446861477611014;0.3298876908840836;0.007750336001128122
22712;4.096311067803536;0.30922163189742957;0.0023289233563984226
22808;3.639720863451044;0.32414610768165186;4.908681119841786E-4
22904;3.3141007771169417;0.31883008658735423;0.016042069040245636
23000;3.1386151449678863;0.3131228703498889;0.0010567928774047042
23120;3.512282450483695;0.30110468435152776;0.01890517723146831
23216;3.486236301197845;0.29837774330685796;0.004558516986976902
23312;3.448479624880629;0.29505489594555545;0.001923243012032327
23408;3.271873940894967;0.30775152785452753;1.5552075472763987E-4
23504;3.566529071359259;0.31181469041029636;0.002504767451211417
23600;3.0257168207188063;0.32016636214368815;0.009781576287210299
23720;3.6261798035868513;0.3271729372866291;0.0014443369842930885
23816;4.236944367643669;0.3288220496219372;0.0021313369965630705
23912;3.7811567755102153;0.2939925859818548;0.013938050589997314
24008;3.12086377948126;0.30933395674034564;2.3828240674460822E-4
24104;3.9623593182343955;0.3031177865816324;0.006121485084515988
24200;3.695697745806013;0.30825189932747893;4.182368017714297E-5
24320;4.305102674773487;0.2897122019622646;3.416656161192403E-4
24416;3.7432748307246797;0.2799983682394444;0.02779032441460879
24512;3.412191429978302;0.291538464354889;0.007673560774529784
24608;3.764144828663984;0.2846710415045088;4.627809577760314E-4
24704;3.874500435139367;0.2757958812300693;6.032775725982073E-4
24800;3.7151488295825152;0.26895278324259975;0.009324530104071672
24920;3.6494311175776986;0.28222639938411975;4.7166581035790076E-4
25016;3.7151488295825152;0.27913057226469634;0.009324530104071672
25112;3.079674365007799;0.29752430447042894;7.369010045200812E-5
25208;3.840168611064462;0.28553669309217944;0.0016722540877367076
25304;4.028145507776122;0.2924015261551198;0.01734223586809314
25400;4.052735571413361;0.317532752710155;4.733661343774785E-5
25520;3.821225251648748;0.3022085276712206;9.9468445761722E-4
25616;3.2530006853360387;0.3061978496439863;0.008505454586915451
25712;3.864063924758408;0.30878558463033895;0.0010179023859736244
25808;3.4538774500137066;0.3089104424514218;0.002687753942629548
25904;3.550586140573628;0.3227543059023326;6.439606108459521E-4
26000;4.067161606889638;0.3023697330195435;0.001980260451547476
26120;3.8384062102109633;0.2967256222879312;0.0012931573465212076
26216;4.8927843822247326;0.3170060735243997;0.0015041817083274024
26312;3.1221594657190948;0.2977860612371005;0.0013240008596064467
26408;3.8963654198980735;0.298447927616207;8.488082773348369E-4
26504;3.023719183108688;0.2895857379580654;8.022335102668478E-4
26600;3.147115280225795;0.30978484238356707;4.653615554588336E-4
26720;3.4330926137879776;0.30321691722720945;0.007059283663428922
26816;3.9826104436382996;0.29102611645096044;1.3730835852428059E-5
26912;3.5470611319557848;0.2938880454263497;0.0010890678874706894
27008;4.070147072415425;0.2974103981370902;2.525288344784985E-4
27104;3.1885050237502264;0.3011008279510554;5.83123036016477E-4
27200;3.732841619493369;0.29034224463757785;1.3730835852428059E-5
27320;3.2912623256907634;0.2965522383773051;4.8532081184562254E-4
27416;4.246212465130437;0.2868851306516944;2.5911576851695063E-4
27512;3.2911074649492593;0.29284482564684877;0.0026928162354664113
27608;3.268334640615078;0.3012267575381516;0.0012391933156691607
27704;3.202889964514446;0.28667264593140074;0.002369262485937336
27800;4.139679581123248;0.29340681816014536;0.0013016001687603245
27920;2.7551341219034438;0.29035944790424595;3.571870704399837E-5
28016;3.260988218440165;0.29184311452454914;1.8827393805732698E-5
28112;3.498948673861787;0.27955453399615554;6.729880258728492E-4
28208;3.5622676181853596;0.27157722677194324;3.0724665580262684E-4
28304;3.4964114710368346;0.28124786876886887;4.135291494852742E-4
28400;3.460356130857331;0.3038990760623641;1.4033634899848448E-4
28520;3.12333564359837;0.2775376669623783;0.028682741993503777
28616;3.6115804358356542;0.28322916609637183;3.231085209745114E-4
28712;3.881881687166562;0.26941691324105327;8.847017200446576E-6
28808;3.7746651168956333;0.2716205281963531;0.008812458336920126
28904;3.0855140635178797;0.26742496104743807;1.582267053073422E-4
29000;3.717276604064332;0.28666855996827;8.233702444323223E-4
29120;3.1761991913029566;0.28022891602621774;0.0036633287547746425
29216;3.61232857367529;0.26067718069828677;0.002332231840243528
29312;3.261683427775496;0.27489931784013055;0.0036633287547746425
29408;3.745798494558889;0.2818086778753513;2.444870965053586E-5
29504;2.8768991686926517;0.2896697088301309;0.014887812761338748
29600;3.447277619116369;0.28289404034904586;1.759515958523834E-4
29720;3.7990630399194854;0.26755098555863943;0.02471865860972684
29816;3.851422305149128;0.27540215980024874;5.319597871549562E-4
29912;3.3051172671766498;0.2716663241667981;0.00496295896003745
30008;3.4900308580276187;0.26227264495481367;3.173730747655048E-5
30104;2.981340771682597;0.2696104798657951;1.136724176442516E-5
30200;3.4444485166295085;0.2862411920697599;3.7142643988203586E-4
30320;3.5458241532225916;0.27167207309700186;1.7820726213333633E-4
30416;3.1620622469592807;0.28210180943431173;5.420579273265739E-6
30512;3.2252182528464775;0.302131162431291;0.0086019543737345
30608;3.5740386973811713;0.2797227445864137;6.894973037171842E-5
30704;3.4026244542936954;0.2889283886108062;1.3231371389142798E-5
30800;3.3022599837535926;0.2965485787697113;3.1093962855941154E-4
30920;3.353431372942172;0.2809584334543184;1.5454019171236375E-4
31016;3.3107848929251538;0.3093077355923355;5.677451364750211E-4
31112;4.206630359892237;0.30015839540791794;1.914390961881137E-4
31208;3.935210540390827;0.28477922039221276;0.04378391706151123
31304;3.935210540390827;0.2836852919855488;0.04378391706151123
31400;3.4761763159380767;0.32108994355973103;4.204330665794635E-4
31520;3.9045664890978364;0.28771409175431983;0.003981297593662038
31616;4.056386714710737;0.3052499283988079;0.0015160089160488862
31712;3.1033379317927974;0.2897941351237459;1.8045572276314335E-4
31808;4.084120341422302;0.3032392220801703;1.8045572276314335E-4
31904;3.3763948750041815;0.30422725713104115;9.498262699578626E-6
32000;3.9045664890978364;0.343182186686236;0.003981297593662038
32120;3.3657560026171125;0.30033290213670955;0.0063999240909411925
32216;3.371953058162989;0.28955339978925376;3.822181304761005E-4
32312;3.841716125624418;0.2851958791964359;0.004765688811808469
32408;3.3448747950641917;0.2845109561574119;1.9140347067829992E-4
32504;3.3378477127135993;0.29114093726286433;0.004465267083477609
32600;4.3022894939218395;0.2962074871831247;9.90513304755669E-4
32720;3.0695279548883296;0.29851825880442007;5.211236718614138E-5
32816;3.392322397080836;0.2801092600549861;0.005187716591016461
32912;3.2424819090801487;0.2842675674401609;0.0017855202304065546
33008;3.4370624266176013;0.27800789682311855;5.211236718614138E-5
33104;3.8554209029081172;0.2837112321891475;3.25880181785635E-4
33200;3.5698530779962576;0.2748734479607734;0.003542062534474133
33320;3.4060027668034483;0.28256204483279707;2.95195218417371E-4
33416;3.7722033377959416;0.2806341315559833;1.0038486358505051E-4
33512;3.761880008630149;0.282733854555737;0.0011362860536560154
33608;3.5755553774899593;0.28703075521845395;2.4047327886692914E-4
33704;3.942359421208026;0.2808695459307841;2.5994666923793443E-4
33800;3.3983159390323756;0.28689691747866947;6.127977606244849E-4
33920;3.455717170344159;0.3087315619258369;1.644479304478269E-4
34016;3.1698893176724834;0.27877512177923597;0.003231486580650065
34112;3.495147141117587;0.2937475764311084;1.0647122148049153E-4
34208;3.69635455190577;0.2939962627220927;7.873009689482963E-4
34304;4.042590484014951;0.2793729888436658;1.9904275114791318E-4
34400;3.7036314247106654;0.2914255236668872;0.006772261048354695
34520;3.600121964773842;0.2998401521160112;7.433150765264472E-4
34616;3.4921886395005846;0.32511342488823863;0.016079781673941577
34712;4.133838188978287;0.3182880211518255;3.0636272292583797E-4
34808;3.8847174877004234;0.306811979274204;0.02693825128253047
34904;3.443215774282891;0.31895016715963614;1.2884601698512135E-4
35000;2.95714649697062;0.30875101919842785;1.4391874030070294E-5
35120;4.129363183811977;0.3136806655384336;4.8500947813016865E-4
35216;4.069552115356954;0.27649878950303935;0.009794403344041759
35312;3.355289133963365;0.2975628489491214;1.3994560163261185E-5
35408;3.4258340456206384;0.28896980056411076;1.25363229742833E-5
35504;3.7563792269450875;0.29081719262445965;1.0780326099583832E-4
35600;3.7563792269450875;0.30433194311426626;1.0780326099583832E-4
35720;3.6449518242289285;0.2879191971405397;2.397091625378659E-5
35816;3.5884327243764353;0.299137990349026;1.3739543711899815E-5
35912;3.398871167790248;0.29681536701398153;0.015584491682068317
36008;3.3996977694009396;0.2962512507648549;3.4595540916750983E-4
36104;3.5623839940679902;0.29383984765392;2.59743076801904E-5
36200;4.1979554850862755;0.307922942978594;1.8528846119266146E-4
36320;3.0423052386060556;0.28945098252267354;3.430419025095402E-5
36416;3.4406207508030136;0.2852328839083958;0.10306294755778286
36512;2.9729083010099613;0.28388386135779947;1.9462233424322336E-4
36608;3.550896078547907;0.3028328619500219;2.375498506280268E-4
36704;3.3519392305818423;0.3051330563221877;0.10306294755778286
36800;2.9698953181705177;0.3077928399092158;1.8366266819998313E-4
36920;3.00595286107529;0.29655964211292773;4.592582933489393E-6
37016;3.538558935267287;0.31476920757268684;9.811874019667931E-6
37112;3.5175721039426087;0.299738422815994;3.8313175091209784E-5
37208;3.453707396213601;0.2988403416919424;3.8951351852702966E-5
37304;3.158795396445126;0.28517466188170326;2.1753473733123853E-6
37400;2.979535447399913;0.2771665968598391;1.1429122499062518E-4
37520;3.465591856057956;0.26610304552559155;3.617660698285143E-4
37616;3.3049240782863016;0.2842589076353309;2.7955991834616854E-5
37712;3.990299066561528;0.2781663486597172;6.486653955218518E-6
37808;3.259908353126414;0.27524226299355314;0.003078970136079101
37904;4.0460472218550105;0.2837738851182727;1.3649397874507227E-5
38000;4.265849585651668;0.27323762855229994;3.550608224374159E-6
38120;3.344646713717153;0.28300093553032085;1.9387931116850763E-5
38216;3.1340508926520343;0.28412896694456236;3.197652039551542E-4
38312;2.8166822205641475;0.28975465742333756;5.977334219089138E-7
38408;3.454937565558308;0.2781068668361889;7.200224375586327E-6
38504;2.9444420948925734;0.2779579398654048;4.0705019290334485E-7
38600;2.9753253379903475;0.27173930194929774;5.2044751047068916E-5
38720;3.586429839642746;0.2708671501491345;0.042275568601873176
38816;2.7776395976121937;0.27060001351179586;2.96842330061465E-5
38912;3.6027983536042427;0.2865539085788275;5.2145253450899004E-5
39008;3.4819038059462963;0.2787537942704256;2.0556179887379269E-4
39104;3.8424805633714034;0.28419658927915453;2.0556179887379269E-4
39200;3.493807022170226;0.2738955481781905;3.248802222997535E-5
39320;2.9218533125480697;0.2682990486980979;0.0013058975390870483
39416;3.26008424022622;0.2826273814201183;5.233672574077871E-4
39512;3.577577092223194;0.29179859649005696;7.142388314517338E-4
39608;3.822433586678562;0.28738891593468874;1.8897700192892417E-4
39704;3.054222794623021;0.29662882004795893;4.843304022837978E-6
39800;3.6841350803621884;0.3137934154556793;0.0010062492845834363
39920;3.9312083855259266;0.30630706168373983;0.0010062492845834363
40016;4.292760457268771;0.29446030332380274;1.2996221062101018E-6
40112;3.964049808452599;0.297080807031711;5.53672922049995E-4
40208;3.17494422341613;0.30884784061274795;5.815273298053977E-4
40304;3.9666154874408925;0.31846291744177857;1.9394352640115644E-4
40400;3.781362881711762;0.28799077360555425;0.0010128836644205446
40520;3.436983391182405;0.2970018906298129;3.795988505247336E-4
40616;2.973953920894929;0.3041708854211939;3.795988505247336E-4
40712;3.2771665842359274;0.29352708677006256;1.1132693033577323E-4
40808;3.211325110963079;0.29127709704569527;1.054845857829138E-5
40904;3.7353237592430086;0.2858134247497704;5.648914683471755E-6
41000;3.390905072280091;0.30114417777438374;1.1676228384021212E-4
41120;3.6898354038113;0.2865190345304474;6.624360600787193E-5
41216;3.389545856003404;0.3022659732998248;6.5467565093691194E-6
41312;3.586694671305852;0.29103933574252516;9.720519113215692E-7
41408;3.2600304726938423;0.3012046440481334;2.4702689362937265E-7
41504;4.564437820438635;0.30284247580608475;5.852629373114287E-5
41600;3.250446869050151;0.3031626613146283;1.3123678784464769E-6
41720;3.5407624526895516;0.29711076609505305;1.0040700819217864E-6
41816;3.558568722669557;0.29959857893416214;9.821875598757575E-7
41912;3.732799757483392;0.29558042806473095;2.216095233853165E-6
42008;3.173402808586776;0.2964193545258743;1.4185779197740735E-6
42104;3.7950267604275782;0.3043698760316013;2.276686639401356E-4
42200;4.232810681997636;0.31855087335507537;1.2981137982816823E-6
42320;3.205216335049968;0.2969900143421989;4.897363023726935E-4
42416;3.8961591814402574;0.29094024689605624;5.126387724194763E-4
42512;3.3962609358670033;0.27513920083910576;2.72745354964447E-4
42608;2.7816698445919057;0.32199062281867896;5.821979201725969E-4
42704;3.6300107555106047;0.284159666986855;5.650585375958693E-4
42800;3.618837771149522;0.30223215892634203;2.2255750162506535E-5
42920;2.8202029767092984;0.30121783526933593;2.126400894256179E-6
43016;4.004807704614309;0.30304141185210526;2.72745354964447E-4
43112;3.9385184519390806;0.2980539736210533;1.0661915113954982E-6
43208;4.047207162165007;0.31113318405456775;2.2034738050138105E-8
43304;3.0778674168975217;0.28624073176558873;3.62613383002505E-4
43400;3.003148969044301;0.2867043178072225;6.4552610357740586E-6
43520;4.106801190045196;0.3094780403647982;7.809195893549162E-6
43616;3.7239898971345653;0.30425004792499744;2.0595840598423225E-8
43712;4.382652405719106;0.2944548927593114;1.044462795119435E-5
43808;3.523214642965326;0.3181503412730939;2.733823662119998E-5
43904;3.909147156943428;0.33445889886351604;0.003455832977010222
44000;3.0814281127469574;0.3207071152939343;7.037861854157669E-9
44120;3.307726050048908;0.301829656014771;0.0017125273091096564
44216;3.68714159384052;0.2990201302007671;4.372680244414416E-5
44312;3.91631503587551;0.2824443340616384;1.6332736349812417E-6
44408;3.3578729810599612;0.2889906658799111;9.982585414075003E-6
44504;3.596610675890579;0.2966045800317397;7.440552095654487E-6
44600;2.5279052863876954;0.29824361376272696;6.286658101582045E-6
44720;3.5247586726986393;0.33148702691699067;5.257711581104664E-5
44816;3.158522467973162;0.29028087559138743;1.2253898056011645E-4
44912;2.9839880006989286;0.2951902855497335;5.394939475847918E-5
45008;3.318763578067894;0.3046294956605953;7.563632140445987E-5
45104;3.783106749614387;0.30502015671784005;8.824807933155066E-6
45200;3.429081363586933;0.2842516937434743;0.0018612136184778777
45320;3.329083236836408;0.3056279106318618;4.860334984172866E-5
45416;3.4754507182539647;0.30018499298347984;0.0020052558491067264
45512;2.8993131426935936;0.3085055334815542;1.1118578930047738E-5
45608;2.7561202390132156;0.29585130383748887;5.808372555359922E-6
45704;2.9759365999282297;0.3093280752596321;1.0831827138662184E-5
45800;3.9255830760959323;0.3049267390627286;4.1586011833697696E-5
45920;3.856762340105825;0.3043082583740101;5.222253157786943E-5
46016;3.0970520187240775;0.3085502615797649;8.398360214670431E-5
46112;2.973761324257606;0.29350638475941404;1.7874542051398997E-5
46208;3.9243202106938706;0.318682351671397;5.1657993903743484E-5
46304;3.3682139065007215;0.3016161628767024;5.1657993903743484E-5
46400;3.2267504757951393;0.2988902611438978;2.6517308218881787E-5
46520;2.8593877388424698;0.2941023686235434;2.6104174007042725E-5
46616;3.180628352855968;0.3024751047318401;1.1505854061934165E-4
46712;2.951120118054069;0.29780580116769184;2.2983795018710707E-4
46808;2.685408656557206;0.3044110869647187;8.321333592202153E-6
46904;2.788021301705343;0.27766701073158984;2.684450050459106E-6
47000;3.4618493781706943;0.29697148219315633;5.17666888326775E-5
47120;3.719329167596073;0.29714690426322615;9.440151304146236E-5
47216;3.885253166867906;0.30264638449927944;6.41690030413124E-5
47312;3.9886901785372673;0.29529091048342015;1.4227508030710765E-4
47408;3.192935981190434;0.2991859034313667;0.003466085790602251
47504;2.6687880494123206;0.30844306204313454;3.124534353151375E-4
47600;3.845169016238713;0.30814437473848194;2.898254171773205E-5
47720;2.945685213712259;0.29285706274216994;2.227354568691763E-5
47816;3.402049886486546;0.31747393672215996;2.4048743050291267E-4
47912;3.6275520913640396;0.2955035748247872;3.156251403637325E-5
48008;2.928590991585709;0.30446202981605386;1.875352868983199E-4
48104;3.019919118663666;0.3119639660535096;2.5223617947308025E-5
48200;2.9954256360542564;0.31122834355478957;3.3259328855900507E-6
48320;3.9233923467443628;0.2950062352490405;1.4493468944231099E-4
48416;3.4584170772690555;0.2860373114260624;5.8782680182242467E-5
48512;2.7672708752029975;0.314704917408127;4.6663751206398203E-5
48608;3.0525097594254325;0.2937493599073355;1.292567394242545E-4
48704;3.0133562717362974;0.3239376918268947;8.978779861848775E-6
48800;3.5115877644305993;0.3219448701875176;5.7994552745018824E-5
48920;3.4020228622893125;0.3014297857812152;9.671448918707904E-5
49016;3.5695971686140506;0.31180245923758526;7.981897692838455E-4
49112;3.8591394379664434;0.3119163024627513;7.806562912813383E-5
49208;3.277088759347862;0.2946959899406034;4.78516101190942E-5
49304;3.3054964739423185;0.31928793588915916;3.58772218762244E-5
49400;3.4666774802311573;0.33205092595801994;6.762355378741602E-4
49520;3.6300353991363896;0.33530717531015636;4.374067422851805E-5
49616;3.5050273017174165;0.31272685603241546;4.707154364775489E-5
49712;2.8851727884562677;0.2945161483435114;3.674959414289825E-5
49808;2.683096401719099;0.29596688359115614;4.5063182394899265E-5
49904;4.100051509207398;0.30965620628919766;5.400854768121283E-5
50000;3.2519912331760508;0.3364940601877246;6.0553572039428997E-5
50120;2.7994088796182086;0.3179123448138397;4.3728254335856695E-4
50216;4.444456442566732;0.3076724490675285;9.392619989395988E-6
50312;3.189604344526411;0.3236538561185358;3.5665539428422932E-6
50408;3.5621298775258956;0.31430680782722087;3.2442634519213487E-6
50504;3.9823005294274267;0.3052038045627073;6.048989623191238E-5
50600;2.9931394623852454;0.32852751505074074;1.330651610857491E-4
50720;4.190006854743558;0.3092241486112991;0.0025246356192694373
50816;2.4882017191229076;0.3240257424544638;1.3422859565075665E-4
50912;2.864363477465518;0.31633700954612204;5.587805859004798E-4
51008;2.6869647737616154;0.29801552214275145;5.159265625360079E-4
51104;2.410517104306343;0.2927101784378661;2.0077673302080923E-4
51200;3.5458683407679583;0.32571705097872083;1.876215604118475E-5
51320;3.933450443185982;0.31544590245281634;0.0011303067743964324
51416;2.9996193483071916;0.3050093476645439;1.0120787436335405E-5
51512;3.545213339397678;0.3116450328646274;1.876215604118475E-5
51608;2.8773842263229445;0.34971236154226243;0.0015682514941585438
51704;3.446709603730058;0.3215587845598092;3.934909248148237E-5
51800;3.2458775166316416;0.3241430048013541;3.2427964529825143E-4
51920;3.5184169363613544;0.32565780794242705;9.446461207425586E-5
52016;4.290935086944806;0.3309375084252383;1.200719163098039E-5
52112;3.366911543631171;0.3300760399487903;2.0266115481378246E-5
52208;4.367282951795744;0.33808775640342886;4.145337097904915E-6
52304;3.363811773784082;0.31756286133963413;0.004026209899769358
52400;3.016134771194153;0.3254744149122689;1.0061530606701945E-5
52520;3.742591155082259;0.33749934177981544;2.6963180677015187E-4
52616;4.114437063427182;0.35418157330557504;0.011128273431383248
52712;3.2535523619406486;0.34115362503004937;3.795227143448945E-5
52808;3.3488529738698043;0.3305347992538274;0.025367694281854935
52904;3.5939572145531407;0.3283267204387705;0.010443175944197032
53000;3.1728184974886187;0.33784532502968734;4.2795699830941566E-4
53120;3.9196412839159995;0.3375076930188932;7.81924025312068E-5
53216;4.172821385245013;0.31911126650559285;4.165614083895992E-5
53312;3.206106268942755;0.3303158935213658;1.3036375733815458E-4
53408;3.6122876738990026;0.3291821231189721;3.784571961643429E-4
53504;3.2136971211159846;0.33771154621619076;0.009858325605575128
53600;3.506084789872385;0.32384142220618006;4.1062590661181825E-5
53720;3.558711973735176;0.33624395542296887;2.2407396098383416E-4
53816;3.7758135990714643;0.33514970640437536;1.4976081312836407E-4
53912;3.4104035937788324;0.34957413300033696;9.349813164959379E-5
54008;3.4806340050176137;0.3373530216937119;3.7409430181774636E-4
54104;3.305302970701478;0.35425382338988254;8.33773507377157E-6
54200;3.188967756820673;0.3394039358573518;0.005544883097627515
54320;3.018602536364171;0.3479151936041841;0.004898696771691661
54416;3.88978197244081;0.3400222763638915;2.9505739454868674E-4
54512;2.7851675574559516;0.3211015024171201;5.910683788465554E-4
54608;3.29722252182313;0.3404605341210075;1.2923600352513813E-4
54704;2.9127971793904606;0.32671883273671426;4.2897761097026685E-6
54800;3.8789421328859737;0.334971024601573;4.4273556435818284E-4
54920;3.530547711278576;0.33704707357025065;2.1884237503219106E-4
55016;2.826223116338197;0.33858065163559015;5.126082312105008E-4
55112;3.885272871196092;0.32647819486337754;1.9010040060489877E-5
55208;3.1008669683787993;0.31318971223218445;4.5597567246368235E-5
55304;3.7388400734181997;0.3073272156367;1.9010040060489877E-5
55400;3.2304947625561358;0.3183268721491358;8.406721238696964E-5
55520;3.4534239881162208;0.32921437337466897;1.7520774316915765E-4
55616;3.5438544132796137;0.3125497291256527;0.004316608393483585
55712;3.6257394044072826;0.31264836333377916;1.4337196345236476E-4
55808;3.202431711390542;0.31018775220042405;5.242940451653918E-4
55904;3.2502483128749;0.3243335844341528;5.195346008396146E-5
56000;3.292141651600103;0.3263967058804778;1.4428651088589222E-5
56120;3.0709802267497976;0.3036932082282037;3.774475524072336E-4
56216;3.1062797242286373;0.30150962923756536;0.0010642783815872688
56312;3.8185107857817613;0.2870361914675047;6.145191286221068E-4
56408;2.7093858918141644;0.31031649837284025;2.609872444062471E-4
56504;3.418974459098564;0.29569249098776473;2.67561221280205E-5
56600;3.9436536593555345;0.2888194162535028;0.032300982090489386
56720;4.088530042283832;0.31187833015351285;8.120687641245843E-6
56816;3.2314764905404885;0.300494120245066;5.688393815487902E-5
56912;3.798479243377772;0.3122459941190296;0.002205139332232336
57008;3.430873849872746;0.30272442498949326;1.6645995880383663E-4
57104;3.393552036863431;0.2968645847951529;2.168101252244542E-6
57200;2.832915647040866;0.29910286258390945;0.002205139332232336
57320;3.193003379600887;0.2751748282384019;0.04819682882174077
57416;3.332261025033803;0.28465052292877513;1.9398581003562165E-4
57512;3.498488949821749;0.2887424234823207;9.540825708811286E-4
57608;2.9870864935372547;0.28375050039711464;4.4582874789513986E-4
57704;3.327045126549165;0.2951965083943678;0.002304576039941372
57800;3.7684373622180254;0.3084340854753143;7.226566342433539E-5
57920;3.027818848272856;0.3094616156923652;6.33113665565475E-5
58016;5.212613280355038;0.29689350118746666;1.1459004836361635E-6
58112;3.9654993170741064;0.29524530182371395;1.958494975409394E-4
58208;4.126407134439375;0.2876167099394664;0.0011948088870257741
58304;3.3886491354998367;0.30085969821207204;2.67679894160309E-4
58400;3.441231290014887;0.29192921596194626;0.0017478092997295352
58520;3.1784183983490166;0.3078649808454596;1.6409999505624906E-4
58616;3.335999588751804;0.32393201256031723;9.155883745435388E-7
58712;4.045483365805526;0.30943909691386756;2.998136047804252E-5
58808;3.2439351819750857;0.3270374932726816;0.0017478092997295352
58904;4.112410638666276;0.34046815695729915;1.6953748327080254E-4
59000;4.025116645123255;0.3256353411977095;8.393146146123686E-5
59120;3.549131239878736;0.30840099512368413;2.6740114587756454E-4
59216;4.219060920344714;0.3209148096494682;4.243217876690814E-7
59312;3.4840497653743174;0.305405681715332;3.780638707958701E-4
59408;3.751326642620439;0.30503390312948714;8.603584795335731E-4
59504;4.009350954641171;0.3136276924593884;9.240750943703111E-7
59600;3.4170391161295544;0.31576995210156317;2.528967058865301E-6
59720;3.6209767609697567;0.30665414306516814;8.455161319225468E-7
59816;3.2048000856428676;0.3045978541018638;1.3451867028077913E-6
59912;3.1812530711965925;0.31213897925422385;0.002413693021535511
60008;3.572165018842085;0.30526795999505835;1.7234254330788582E-4
60104;3.5871929999443446;0.30248561646080063;5.105005311152471E-7
60200;3.0006726506220436;0.3329284800568438;8.455161319225468E-7
60320;4.0246006320852885;0.31461982753596407;1.1092805471597474E-6
60416;3.2453399352291123;0.30958775247693576;0.0029791100580821763
60512;3.915767482371167;0.31630494229512585;8.436147640184017E-7
60608;4.052260583929968;0.28749472141214893;4.5559862951793115E-5
60704;3.37237513275718;0.2919189874066359;9.16917060775359E-4
60800;3.380797977245825;0.302223342902828;0.002790368676173411
60920;3.2230442392394365;0.30337204979281324;5.6924078006795897E-8
61016;3.5029772311755796;0.2867972916915071;8.663486392421775E-8
61112;3.18920658405468;0.2939023378157747;9.62255693049039E-4
61208;3.8026659615730267;0.2879936411949645;1.0484135000251635E-6
61304;3.504308572630799;0.32300892030048667;1.8514217915499665E-7
61400;3.016301983786314;0.3203006997237896;2.519509214719409E-4
61520;3.8516410080848775;0.3220025056921521;2.928852409388026E-7
61616;2.988385018615041;0.28615655349478686;0.001770152022056022
61712;3.431679571894069;0.28663649263397184;1.796244330438517E-7
61808;3.1448970201320585;0.2953890205406188;5.691586401760982E-7
61904;2.980004599470931;0.2965998733216688;3.407542290250386E-7
62000;3.347545722112818;0.3021772187172269;1.1804933132405003E-6
62120;3.0408658314824675;0.27737547909210136;0.012918618959575304
62216;3.378446671843919;0.29793479946507634;1.7767668761221197E-7
62312;3.419680389981898;0.2823880719099148;3.6950855642703027E-7
62408;2.7213878118413892;0.28452282999384837;1.8572428347910592E-6
62504;3.1032243875186114;0.2962281765733923;7.598945835925743E-7
62600;3.520633313626831;0.28488275312580374;0.0019775529158223516
62720;3.3993223558513126;0.2992289273011644;6.143267540293165E-7
62816;4.260600957309811;0.310267064498935;2.2930030952745965E-7
62912;3.335116667349037;0.3183315242441407;0.0017289722416541518
63008;4.333911160160243;0.29728076101660295;2.4924264690898272E-6
63104;3.9261526822517427;0.31745901836301665;2.4924264690898272E-6
63200;3.4958971732162287;0.32888175291097066;0.0015516633488568397
63320;4.40129506629718;0.3108046009978329;3.004919437650466E-7
63416;3.819698358478351;0.3059085623584203;2.256876692824998E-7
63512;3.2878494818916857;0.29120382443818926;6.930771260947789E-4
63608;3.4107476087388946;0.31936095837709255;1.737815120422469E-8
63704;3.479854031884056;0.28639871904784336;9.434369967897675E-7
63800;3.0272435013089614;0.2787761352610418;2.4187640484042667E-4
63920;3.367755437202513;0.2953174542893759;1.4139192975037616E-5
64016;3.605708614755114;0.29793192474146485;5.55626474148654E-4
64112;3.499263208360159;0.2960144763553742;7.438531302985147E-6
64208;4.144367893637345;0.31123453868593803;1.4139192975037616E-5
64304;3.4251883329766697;0.32089966590006525;5.658327557783692E-4
64400;3.2703887000895504;0.30029511648122836;6.18992020265518E-7
64520;4.302363353817601;0.27831945027120236;1.09331065496491E-6
64616;3.699455740158034;0.2865571590209755;1.440603225192515E-7
64712;3.7339553974294515;0.2917169336791293;0.0012547945048871014
64808;4.20217032992509;0.2938109443283952;3.1547497397055747E-4
64904;3.0975730600524685;0.28651325833027946;3.9308689130261756E-5
65000;3.2790388583102383;0.290319782919327;3.7723512143676266E-6
65120;3.347935166008089;0.27803172738065973;4.307631167663353E-6
65216;3.463124185051629;0.3105061370061993;7.152615120613248E-8
65312;3.1599777344180207;0.2772929927288773;2.60870165760302E-4
65408;3.1605959851184555;0.28273418927657046;4.224402604661925E-6
65504;3.9933983854474855;0.29859404756620933;0.004182857941419683
65600;3.76992826446421;0.3071048113610193;1.7375974290259082E-4
65720;4.298468227999783;0.2857674713822286;2.048189693638421E-4
65816;3.769125723241281;0.2909401416777527;9.927749170505664E-5
65912;3.1204928905983325;0.29924912797377123;4.48291580806747E-6
66008;3.3739191550129073;0.29469817042413377;9.927749170505664E-5
66104;3.3710875860544447;0.28056307833571875;1.0127622257790504E-4
66200;3.3633389973115966;0.3072253847703193;8.07736525976086E-5
66320;2.8370210278174666;0.30493613947891757;1.0406726375951302E-5
66416;3.2795277167577956;0.2899465975133182;1.8984734289439572E-5
66512;3.0880093155989687;0.28774021985356946;4.2054513535392556E-5
66608;3.072974398314405;0.3045834328078601;6.52190133062493E-6
66704;3.0889218835627243;0.3150488946859092;1.966169973814028E-5
66800;3.6594388882543405;0.29951825345162963;5.953276598886307E-4
66920;3.656658117039236;0.30604199977213603;4.787731495947505E-5
67016;3.183290416836979;0.31299260629051084;2.9156045743322526E-4
67112;4.415893235275521;0.3234707401814356;4.2292821274432204E-5
67208;3.3510628470164745;0.31688853545622914;4.8883552727709804E-6
67304;3.453177440978113;0.31392986199625184;6.342055175604174E-8
67400;3.6495246664508;0.3078354057648948;5.886565126800076E-8
67520;3.3374695212946484;0.3164521245415114;2.5800054420289927E-5
67616;3.1433102521546674;0.30310344168767256;1.1322288370751417E-5
67712;3.6398887405107256;0.28805597612511014;4.9988922531899406E-5
67808;3.5060570055265776;0.2990069282333738;2.1231716125882935E-7
67904;3.515714132496292;0.32411513662653507;9.569051550905531E-5
68000;3.334745306507046;0.29351442126494653;4.8291032461324036E-5
68120;3.4951649294490714;0.2931781067262265;2.2086861098907293E-4
68216;2.718019460241543;0.29510308232560256;5.677812184205372E-4
68312;2.9647508979756614;0.30249818932912736;5.431829678138339E-5
68408;3.123330693010932;0.29443504216978056;3.791439737961356E-4
68504;3.209756125043171;0.3083681325481113;4.911744379317794E-5
68600;3.1416794923389895;0.3139582061061064;2.405570654261763E-4
68720;3.3709972480935377;0.31396243227123216;3.6211641595650803E-5
68816;3.7725876397086195;0.3079399277392025;6.26801180664045E-4
68912;3.8117510039557634;0.300092377871504;4.0124437687196607E-4
69008;3.960525415222458;0.31202430857413094;1.027937654285642E-5
69104;4.172711091903637;0.323376581350786;0.0014168698111055597
69200;3.463858195485778;0.2920499468628638;4.000563831041303E-5
69320;2.8783841794095224;0.29663118928658017;4.456818655569916E-5
69416;2.9192219787767795;0.292544146647253;1.027937654285642E-5
69512;2.6724651968787456;0.30998061421064477;8.544914381350311E-5
69608;3.0150445200548024;0.3011798523140896;3.361035343699394E-4
69704;3.998203217919376;0.3045012476339332;0.0025481461662457947
69800;3.6493240809326775;0.3030128475249436;0.0025481461662457947
69920;3.436949494189898;0.2984466730514208;5.113225549920603E-4
70016;3.379224000123842;0.2906381231093846;2.806163708935666E-6
70112;3.160471890482221;0.3155464198786801;4.189664743514541E-6
70208;3.2389597754467374;0.301977644037962;0.0010143826138822585
70304;2.8477615539799324;0.3129638647606212;1.4619654903316163E-5
70400;3.0437491611188414;0.3216405814829131;1.2300044341636814E-4
70520;3.2382582750321642;0.29848038029406726;1.5414500170521643E-5
70616;4.203311916822881;0.3124562239494364;9.216659973453254E-6
70712;3.4781195024689286;0.3078969203494766;0.0010572298593418984
70808;4.156815375108267;0.3047417971949662;0.0047260564184368305
70904;4.229851376590543;0.35733753048903916;1.034041139974191E-4
71000;4.1262796779705475;0.3028665744899413;1.5818653278139612E-5
71120;2.9835500915159385;0.3049592006917346;1.0335243539534827E-4
71216;3.04821093570527;0.32925284704946534;0.00214566075274048
71312;3.463036530376577;0.2943906664168266;9.975229252484768E-5
71408;3.57901417599568;0.2993974852311518;9.603613496456935E-5
71504;3.8793057784189537;0.2954829147798172;4.150810954212608E-5
71600;3.618859551955198;0.29548104843322265;1.6579840975153537E-4
71720;3.246477817465923;0.29880394338494076;9.975229252484768E-5
71816;3.478575565540675;0.29975474055769324;8.05904323210087E-5
71912;3.574637846751525;0.29886583886935814;3.312725309164028E-4
72008;3.6519592091493536;0.30846717803158497;0.02721804948321124
72104;3.355428108196491;0.34310336324009627;9.134669177160884E-6
72200;4.041695135226254;0.310434304654177;1.763022893155098E-5
72320;3.6350644938505154;0.30871703910319354;5.396140260004343E-6
72416;2.9734067935610664;0.30682336282710704;7.147902266572594E-6
72512;3.6165041186725384;0.3004189435153961;0.008072871208835238
72608;3.3838099165992697;0.31987489615033615;0.0068793607405283645
72704;3.9342427950684122;0.3153520848622117;9.925278801139018E-5
72800;3.523359580353063;0.3137281598956812;8.507168187981872E-6
72920;3.8358372643885787;0.30100431159802754;2.499092235585646E-5
73016;3.7914667176267383;0.2904536262895207;3.836940077365324E-4
73112;3.548705707405615;0.2968855812915159;3.7750987141220637E-6
73208;3.734740026392762;0.29108028315180734;5.024604077644214E-6
73304;4.543494580928606;0.2953209663443578;0.0021388195236626993
73400;3.441999958774442;0.30480962460159966;8.15013917986604E-4
73520;3.441999958774442;0.2898988861200445;8.15013917986604E-4
73616;4.24185922897821;0.3158639639650549;6.896031049918846E-6
73712;3.29449111973738;0.29483889567733784;4.915855208413858E-6
73808;2.808456795463034;0.2995917628262281;8.176682776184262E-4
73904;3.8403763854512456;0.2881370477255132;7.506033658352208E-4
74000;2.766671005730844;0.32539536649842965;0.00337573772595075
74120;3.94430741974153;0.3265174986334722;4.081100926206593E-6
74216;3.7068920599078146;0.31737982577609164;4.081100926206593E-6
74312;4.31269976764583;0.3009867915547791;1.4150353020603364E-6
74408;4.342073558611781;0.3076295181529658;6.941551864290111E-4
74504;3.666156902019924;0.30616363234309407;0.0031965835059002065
74600;4.203519965704749;0.3105166177563116;3.2870347006952045E-5
74720;4.4148295441295335;0.30158655978162485;1.860339672515097E-5
74816;3.0284292363811534;0.31136766555806517;9.393220396840772E-6
74912;3.515321166644972;0.3107913829861246;0.0019928994118202266
75008;4.874755832762161;0.3239965285889799;1.8461297414838028E-4
75104;3.6989968780803366;0.3226875493600558;3.090960297203133E-4
75200;3.94060124337114;0.3387479961759873;1.4366832671188154E-4
75320;2.96479752801298;0.30050335916348725;1.8513681627910827E-4
75416;3.3194202914197475;0.2777403842698532;2.321678251473738E-6
75512;3.548267328399959;0.2897545488010275;1.361540113460299E-4
75608;3.7891113426817884;0.2866292193224367;4.255554950221629E-4
75704;3.34103553370998;0.31381429518975434;2.9739090975335037E-4
75800;3.5142753973230576;0.30294371125174824;9.159327436827836E-5
75920;3.799687449081011;0.3041653146507851;7.768166696720019E-4
76016;3.5095249027274478;0.3115617494639262;0.014057827617326461
76112;3.6134864410587317;0.2932177112433222;4.2632930592889976E-4
76208;3.6458959206514425;0.30035327890015184;4.368414051463374E-8
76304;3.073696579994784;0.30867310202592263;1.6628295491655608E-4
76400;3.714428086388515;0.306113749296561;4.069520204119294E-8
76520;3.6471067132492196;0.30340714448252776;3.167032976125688E-5
76616;3.2659398380004236;0.3001568307682991;2.146083420701866E-8
76712;4.324564829874418;0.31043129605321906;0.0011908339730464003
76808;3.4428401809179907;0.3074168476469757;8.11995120139679E-8
76904;4.046869317712593;0.30270177044673297;0.0017386601125506382
77000;3.8903881660133;0.3164837723733427;4.649409780528375E-4
77120;3.7047980389321133;0.31437229552237705;4.165828360221682E-4
77216;3.345051103199965;0.3126547442748534;4.930394077139726E-4
77312;3.498782706560485;0.3289193007244119;2.0114488865762556E-6
77408;3.155354711423699;0.30883427345695175;3.0912990276677713E-4
77504;4.15827627824986;0.31591482245345837;0.0017666985489674352
77600;3.61064514921184;0.30204226474225504;5.029353981375037E-8
77720;3.7393226491550156;0.31623795368473034;3.988728838418033E-4
77816;4.028655611917225;0.289793473478427;5.029353981375037E-8
77912;3.4791444528811972;0.30089875664297966;2.258826297036023E-4
78008;3.0314350529679595;0.3094871902137927;3.43458320641931E-4
78104;3.885400500807152;0.3117545737717496;0.0033441776471181796
78200;3.323611008862382;0.3080693229770985;1.4735184645655897E-4
78320;3.1813337353943343;0.30926251498551066;8.398080474494654E-4
78416;3.348950405135577;0.325835059288701;0.001484497018571356
78512;3.342715704828679;0.3372326045576518;3.1312399291315226E-4
78608;3.6502593645440573;0.3097875447456092;9.542658695044574E-4
78704;3.897162739933676;0.3126916491953425;1.8079033224519838E-4
78800;3.64328391686237;0.31988185724530377;5.412365391219282E-4
78920;3.5758380955671436;0.30142087308336274;1.3778271291502793E-4
79016;3.3094256444217973;0.30992007052813136;9.566198722413686E-4
79112;4.497688304661499;0.31111061443004906;0.0010549879056199135
79208;3.425430763122704;0.31146798431462897;2.7558524406575097E-4
79304;3.318859724836157;0.32659691642876293;5.088103108553386E-5
79400;3.2125653606550837;0.3209684842770556;0.0020408032697379857
79520;4.447562543187348;0.3135138792250718;0.0010549879056199135
79616;3.532499371750317;0.2998490197392303;3.366553423068583E-4
79712;3.827780946151949;0.30407352682123817;3.7364028450142096E-4
79808;3.518500565623834;0.2969513610226316;6.149271424643533E-5
79904;3.54137244229447;0.304359720241805;0.004207991857689289
80000;3.9288150841115805;0.2977115714727706;1.1338734822901748E-4
80120;4.027828078395756;0.30373751607201155;3.523309810996952E-5
80216;3.3219244972229722;0.29831132153764434;4.7312362140533385E-5
80312;3.544658113854987;0.31862901264704047;2.2161288153668685E-4
80408;3.86728815612467;0.2995248694584931;6.854374050172047E-5
80504;4.07049891494278;0.30536312920782355;0.007312368972790084
80600;3.714746005310244;0.30794355731179807;1.431832361418005E-5
80720;4.048801640390199;0.3025720480929437;6.649338912603341E-4
80816;3.8953643906786994;0.3317824747360492;3.3781498434387575E-5
80912;3.605291298988323;0.30055946884822415;8.976594602897587E-5
81008;3.73330697840305;0.2991389548452523;6.660933281973112E-5
81104;3.73330697840305;0.3026122370661616;6.660933281973112E-5
81200;3.5688205701615163;0.2909343573376682;6.660933281973112E-5
81320;3.437803904647476;0.3079554758638645;0.0012325793807176724
81416;3.475098552672447;0.29742675478363056;0.003643432368155873
81512;3.791517601899338;0.3023339022590169;9.820076620077606E-5
81608;3.2708805440415665;0.30218524261255364;6.496563825022715E-5
81704;4.221738097367574;0.29684681161827553;8.909328586054422E-6
81800;3.2708805440415665;0.296668698057725;6.496563825022715E-5
81920;3.4308001265387054;0.3089493168251696;2.777922816662425E-6
82016;3.454236828288613;0.28317619976819847;2.1308817584276684E-5
82112;3.0192614158439963;0.29681205151560053;2.07235329680203E-5
82208;3.606014039245644;0.2971760814493156;2.777922816662425E-6
82304;3.3861646091185778;0.31024731789545806;5.002670368300021E-5
82400;3.606014039245644;0.30776057075349095;2.777922816662425E-6
82520;3.606014039245644;0.2856237716701883;2.777922816662425E-6
82616;3.0506824981702345;0.3166278266031352;7.080938802502792E-6
82712;3.52623796239634;0.28238891003266275;7.141956030492228E-7
82808;3.363635655394572;0.29186879572495145;1.5820311162966478E-5
82904;3.363635655394572;0.3106569146112566;1.5820311162966478E-5
83000;3.363635655394572;0.30069850051527436;1.5820311162966478E-5
83120;3.363635655394572;0.2922400218375178;1.5820311162966478E-5
83216;2.8403742941892878;0.3045740219371617;1.3394209610676725E-4
83312;3.5173123772934667;0.3170379328119064;2.6272047440390434E-6
83408;3.6773767247124782;0.3099586210372185;1.8237772629965164E-6
83504;3.5359896606370085;0.3129576826982126;4.0812225268516575E-6
83600;4.355353031765524;0.3003789411991433;7.057044139013202E-4
83720;3.5269363918756884;0.2914574909597096;2.8563110670702983E-6
83816;3.441736516621683;0.2971553863023845;0.001703280653246989
83912;3.5972296466013343;0.2786297112367264;7.605722093023249E-7
84008;3.9232832071861066;0.28823156880864537;2.9164785513741184E-5
84104;3.5935860099136328;0.2877170288681544;4.177878936996532E-4
84200;2.9032781149372395;0.2865406224825553;3.907023087821394E-5
84320;3.256253934705158;0.2781933588297279;1.4478864428776882E-6
84416;3.7744436803431554;0.283745843797017;0.0013445141907778937
84512;3.4616439732397324;0.29268789049018656;3.7220048833987083E-6
84608;4.243977225927044;0.3133462679674369;2.8960942482589584E-4
84704;3.5914671048744506;0.3075190256278703;1.523165222805992E-5
84800;3.3678904890157613;0.286863261495267;7.710147962084919E-6
84920;3.8586826623881394;0.2828398639014309;2.781923570536436E-6
85016;3.962095675609532;0.28577735111677127;9.986213324424778E-8
85112;3.8881544590475414;0.3025636242549217;2.166663299760392E-6
85208;3.596179433480864;0.2908660541581772;3.4596017640086385E-5
85304;2.9409418781740624;0.2960579068095656;2.6272362692621205E-6
85400;3.4142222792367565;0.2878678360835427;0.02099372554118647
85520;4.51044071817269;0.2954964567253733;2.4862857526314057E-7
85616;4.51044071817269;0.2951275439224757;2.4862857526314057E-7
85712;3.8036269670369127;0.29663118502448504;2.5567446803629772E-6
85808;3.2515299818881345;0.31725409461316945;0.11406085619155845
85904;3.4621102379492656;0.31695555860169167;7.5701530977160575E-6
86000;4.3722506450764245;0.30427543871259044;1.3204274315023593E-6
86120;3.7275969382934173;0.29385365500827304;5.982032370456009E-6
86216;3.563127434188606;0.276946147085379;1.4323670738640592E-5
86312;3.235885274347501;0.2737062715547233;1.4323670738640592E-5
86408;3.301391552710254;0.2800941316295435;7.579848167800737E-6
86504;4.411832874139562;0.29371742326863653;1.923702309897157E-5
86600;3.383264016251556;0.28410360826361186;2.1118790839550432E-5
86720;3.378737684188884;0.2819795027296172;1.3754840160163565E-5
86816;3.4852078631900034;0.300583361784493;6.247346148128984E-7
86912;3.1473343527269444;0.29283343249654786;1.8061140772263426E-5
87008;3.4098734282794156;0.30003315706532774;9.961164325317035E-7
87104;3.281102355171208;0.29515679949425633;1.8518266372050464E-7
87200;3.3977064514664477;0.27863040411444007;1.1245878937020605E-6
87320;3.458135895429742;0.29276081675037957;1.6053826492446074E-6
87416;3.3931927108492586;0.28873600091819307;0.0015531888380956567
87512;3.6408511846001748;0.2991860963946783;7.300221874044425E-6
87608;3.5090876094233674;0.3283235549908111;6.740715263397916E-6
87704;4.46210656911707;0.30208513572101;3.608972295149154E-5
87800;4.374359372471817;0.3158513039430958;2.4019038108347244E-7
87920;3.6907628736014866;0.29089843186848574;1.0060845718114199E-7
88016;3.7135031584745577;0.3115273036910922;1.46222889118803E-6
88112;3.8178385114367486;0.3139528535653595;5.2964647005852754E-8
88208;3.5821577320573454;0.30379918275515816;2.579727679706902E-4
88304;2.852813983577846;0.3138947464306094;1.6085555120180407E-4
88400;3.6732362191872223;0.31714945584100634;1.637289965507853E-7
88520;3.2698502994464023;0.29256910803663366;2.05008806020074E-7
88616;3.667965068852539;0.3067891804349429;7.123442622725887E-7
88712;3.4716193383298295;0.31561679552781075;7.771424279125563E-7
88808;3.0926739030878188;0.3270725415712317;4.567546143629482E-5
88904;3.340569758679943;0.3299546359309107;0.0012524962847129976
89000;3.4010394134715;0.31298772090920807;9.915676267847781E-8
89120;3.1827878063134203;0.32927622165347165;3.573272729609605E-5
89216;4.25032707984956;0.3102317164284308;2.7471729735392256E-5
89312;3.990530417866363;0.29967905326918765;4.487511980547514E-5
89408;3.5768283563011076;0.3082549686666388;4.5451979565082907E-5
89504;3.7245061891781623;0.31317703042874545;0.0029318907345928453
89600;2.8303515173632423;0.3159843607873158;0.004168280284391865
89720;3.902343443858003;0.34233037015624396;1.4341486701340719E-5
89816;3.8674569437998474;0.3254656797183109;4.683143646096953E-8
89912;3.1900929932566164;0.3257615550798146;1.547157750614873E-7
90008;3.9453057073752227;0.32746293409948085;2.5820219792794784E-5
90104;3.6098068037469973;0.31972648642031515;1.1251110670709047E-5
90200;3.6098068037469973;0.32067207013143445;1.1251110670709047E-5
90320;3.71917099645041;0.30689018226961606;5.805846534848521E-6
90416;4.117839574989728;0.30688185885348;0.00207609336099081
90512;3.3164686000072447;0.32253012409604054;5.713110257133092E-6
90608;3.756669286529033;0.30814336589410996;1.4501594252941616E-5
90704;3.566552917363048;0.30596104845047273;7.99593935872165E-8
90800;3.2099760134197837;0.3132627648056776;1.643618991895148E-5
90920;4.118222185408885;0.3080554825355984;1.0331517032491892E-5
91016;3.4295115405551364;0.3128622332161427;1.3023994704722337E-8
91112;3.926485933900973;0.32060330809539106;2.4830086623357316E-5
91208;3.3196391467250765;0.32558030623997825;2.4830086623357316E-5
91304;3.8605966242695713;0.33636136985851234;1.3023994704722337E-8
91400;4.102383857391374;0.33716218521032076;9.985269717261993E-4
91520;3.812348699008333;0.3107821512014815;2.0997852537827325E-8
91616;3.4385118640985883;0.318520184211638;4.216411205622362E-6
91712;3.3750647522305357;0.325801036683823;1.3676651229285936E-8
91808;3.4836624575927426;0.32572776321578345;3.807111323142817E-8
91904;3.152972422846006;0.32483331399324555;3.473294471805444E-8
92000;3.3750647522305357;0.3329695449096605;1.3676651229285936E-8
92120;4.158850350652686;0.34244496616978615;2.0366244726814653E-8
92216;3.741793197064867;0.32549641697278386;9.563888052977019E-5
92312;3.1639040975130337;0.35307943106658723;4.058635854344411E-6
92408;3.4467983770620125;0.3143319853671519;1.847820079405824E-8
92504;4.340768128238439;0.3323799629170808;4.8989033159568964E-5
92600;3.188322594863159;0.3152511751769119;3.085909208642647E-5
92720;3.5257086825661847;0.32682833797442334;2.7164473932601845E-5
92816;3.5450331293869835;0.3145051066717954;3.807111323142817E-8
92912;3.372979069003661;0.3242250062028364;0.008651591841566556
93008;3.422566094950027;0.3176296875675655;0.0022505935658315218
93104;3.856657884885652;0.303144215085591;1.0636598217821445E-8
93200;3.3282311216032836;0.30389177641669934;7.180596182692922E-8
93320;3.428488686734626;0.2985492837104666;6.805160679450072E-5
93416;3.502108319401289;0.3086375135614591;1.2071994139262578E-4
93512;3.436494769052145;0.3228943784166357;2.4500690110906288E-8
93608;3.67252035790162;0.32424429609858996;1.1919459955912468E-8
93704;3.4614334424035675;0.30717248208250686;6.145797225405852E-9
93800;3.1060222835848306;0.31338443727706344;3.4410115995825257E-9
93920;3.6602690705247167;0.31326601676175436;9.376520520451023E-6
94016;3.5652385287630337;0.30234688279327027;0.003139105739512539
94112;2.9148007680526336;0.310080494693337;1.1282491224405698E-4
94208;3.311228909102919;0.2824259789068814;1.6970171043941734E-5
94304;3.9252615470634975;0.2830750499820726;7.370776364480448E-6
94400;3.5741131496858043;0.28670200880292607;2.9981262775403362E-5
94520;3.6892303768336343;0.32805146202834845;4.646786280825917E-4
94616;3.2286210360594176;0.33087831065199175;0.004396604782326636
94712;4.303857888597927;0.3173275954312881;3.0228547892909555E-5
94808;3.269224780836446;0.3258999135477795;2.843729304924482E-4
94904;3.3612490886160384;0.29897128152163116;8.647750831565454E-9
95000;3.2971519383710257;0.30452752746459255;1.77659395110336E-4
95120;3.7099906050679916;0.3064672166213207;9.30205586576756E-5
95216;3.622939884492731;0.3219576974373986;6.183980589579084E-6
95312;3.422205484953287;0.3061852171897666;7.005892731280922E-4
95408;2.6094278617758055;0.34539250025175966;2.796844540299702E-6
95504;3.922920518377975;0.3222871250652918;5.864568486751377E-4
95600;3.684112132645449;0.2998012526032833;1.726517404211863E-9
95720;3.419826766498758;0.29848225655972616;1.2992395980697495E-9
95816;3.9736454581855023;0.3111011511255725;1.7284271758180247E-9
95912;3.404296486382838;0.31026103691379125;6.835931743071131E-4
96008;3.6795881761310207;0.30935800604089786;3.089651613036508E-4
96104;3.8852889643413278;0.30902892191365083;4.80080401034465E-4
96200;3.030872086797712;0.31975829407534656;4.147018917619835E-9
96320;2.995027240595202;0.29979825593234677;8.195683377686556E-5
96416;3.1479150363361126;0.2964223648739873;1.4834087720871263E-8
96512;3.200395657716171;0.31424021859971774;3.526802108813117E-5
96608;4.070369819645187;0.29572972338395304;2.8847007235097036E-4
96704;3.1102050539389103;0.2945040293859341;1.892732532748318E-4
96800;3.2698655816280846;0.31093971222961814;2.2255697252795517E-4
96920;3.3328222694706495;0.3063945748928481;1.4372213118688713E-9
97016;3.8702243661611724;0.31975000156378897;4.8786097841271256E-4
97112;3.446216270083822;0.31706584328916876;1.2094617709807366E-4
97208;3.1702821546094673;0.3209324777787234;0.0031586937815361715
97304;3.80697136323725;0.3010123075487399;3.331246208286238E-4
97400;3.4359484485148153;0.32291790685116023;0.001932143335285207
97520;2.9831061470263935;0.30988931647751106;1.405410420484422E-9
97616;4.0776081835338;0.3267004387983955;9.125388754179824E-5
97712;3.8902302826843242;0.316597742156793;8.168615699325298E-5
97808;3.7588874617156613;0.3186039875267343;6.60188967761372E-5
97904;3.6744922630855936;0.31054232602975246;1.7330472276801177E-4
98000;3.3888214736367317;0.3249039279259182;0.001977841021790947
98120;3.190665881269472;0.31896922515292075;8.152920237365004E-4
98216;4.073807903584369;0.311175793306718;2.8869293585794404E-4
98312;3.8357810871524927;0.3259807348009792;5.4477575890943135E-5
98408;3.2690241770142676;0.3176973232515478;2.0386448222941613E-9
98504;4.19442730104014;0.3216376057710465;1.0184024912877963E-4
98600;3.3422528436623637;0.30165577868769794;3.768221456968771E-9
98720;3.478067749012851;0.29624454338049805;1.2092132921510828E-4
98816;3.464468815880768;0.2952111194614777;3.744152830209399E-4
98912;3.169765771471271;0.3083812233633691;1.6510898398117515E-4
99008;4.283345890498953;0.336781826275312;5.478764116592359E-5
99104;3.9928290385363354;0.31620072435206714;2.2358990761999406E-4
99200;3.8954906639146984;0.3381260175782327;2.6149446412607484E-4
99320;3.764325017474242;0.31668721467491634;4.403133085633424E-5
99416;3.6499889293665144;0.327551601739873;2.0653915707574786E-5
99512;3.161788307190279;0.35117333774428494;9.86234417626417E-4
99608;4.236101810201441;0.33283742042952796;2.1486702594256755E-5
99704;3.5232802364096933;0.3210028245403471;2.1486702594256755E-5
99800;2.874485147294106;0.2928365616825691;4.531938225189056E-5
99920;2.9879710252516096;0.3074867949239046;4.115180101870101E-9
99992;2.62474481203382;0.30669895057065016;1.491455717390328E-4
